tf	small_hits_exp	large_hits_exp	md_score_exp	small_hits_sim	large_hits_sim	md_score_sim	elliptic_outlier	pval	significance
ELK4_HUMAN.H11MO.0.A	1297	3421	0.3791289096755335	3013	21580	0.13962001853568118	-1	3.897657227355826e-55	Enriched
ELK1_HUMAN.H11MO.0.B	1122	3164	0.35461441213653605	3077	24607	0.1250457186979315	-1	1.0658789952594853e-54	Enriched
NFYB_HUMAN.H11MO.0.A	1608	5421	0.29662423907028224	5766	54264	0.10625829279080053	-1	9.996773244201157e-43	Enriched
NFYC_HUMAN.H11MO.0.A	1527	5239	0.2914678373735446	5717	54597	0.10471271315273734	-1	1.1787514395964277e-41	Enriched
NFYA_HUMAN.H11MO.0.A	1457	5128	0.2841263650546022	5774	56144	0.10284269022513537	-1	6.059872394538767e-40	Enriched
CREB1_HUMAN.H11MO.0.A	410	1424	0.28792134831460675	1369	12540	0.10917065390749603	-1	1.8400271658364927e-37	Enriched
ATF1_HUMAN.H11MO.0.B	546	1827	0.2988505747126437	1351	11419	0.11831158595323585	-1	5.137724926838939e-36	Enriched
GABPA_HUMAN.H11MO.0.A	1689	5140	0.3285992217898833	3459	24816	0.13938588007736946	-1	1.999795209762622e-34	Enriched
ETV1_HUMAN.H11MO.0.A	1238	3764	0.3289054197662062	3612	24456	0.14769381746810598	-1	7.772166678251956e-30	Enriched
FOXI1_HUMAN.H11MO.0.B	1076	4281	0.2513431441252044	6060	60135	0.10077326016462958	-1	2.84341431061969e-29	Enriched
TFE3_HUMAN.H11MO.0.B	711	2673	0.265993265993266	2014	18329	0.10988051721315947	-1	3.018783861358165e-29	Enriched
ATF3_HUMAN.H11MO.0.A	588	2093	0.2809364548494983	1271	10447	0.12166172106824925	-1	6.775908429981425e-28	Enriched
CREM_HUMAN.H11MO.0.C	579	2179	0.26571821936668194	1984	17408	0.11397058823529413	-1	5.3205585385112696e-27	Enriched
TFEB_HUMAN.H11MO.0.C	530	1895	0.2796833773087071	1176	9583	0.12271731190650108	-1	6.072390125361252e-27	Enriched
ELF2_HUMAN.H11MO.0.C	1451	5052	0.2872129849564529	4044	31149	0.1298276028122893	-1	1.0786472137474898e-25	Enriched
NRF1_HUMAN.H11MO.0.A	3697	9902	0.3733589173904262	2080	11309	0.18392430807321605	-1	2.8006026040633353e-25	Enriched
USF1_HUMAN.H11MO.0.A	731	2734	0.267373811265545	1961	16442	0.11926772898674128	-1	7.651948092800641e-25	Enriched
TYY1_HUMAN.H11MO.0.A	1336	5526	0.2417661961635903	4639	42750	0.10851461988304094	-1	2.1159984554733553e-22	Enriched
MITF_HUMAN.H11MO.0.A	710	2890	0.24567474048442905	2522	22354	0.11282097163818555	-1	1.581512196910694e-21	Enriched
ELF1_HUMAN.H11MO.0.A	1366	5312	0.2571536144578313	4521	35837	0.12615453302452773	-1	8.9098270185009e-19	Enriched
KAISO_HUMAN.H11MO.0.A	614	1878	0.3269435569755059	1580	9219	0.1713851827747044	-1	6.616102722231915e-18	Enriched
USF2_HUMAN.H11MO.0.A	1113	3936	0.28277439024390244	1957	13548	0.14444936521995866	-1	9.465050346056447e-18	Enriched
KLF12_HUMAN.H11MO.0.C	9700	32475	0.29869130100076985	5330	33206	0.16051316027223994	-1	2.7520160908613087e-15	Enriched
KLF4_HUMAN.H11MO.0.A	3016	12076	0.24975157336866516	5594	42033	0.13308590869079054	-1	3.1298915479378904e-14	Enriched
KLF9_HUMAN.H11MO.0.C	7744	27667	0.27990024216575704	5454	35286	0.1545655500765176	-1	3.2394748389264764e-13	Enriched
THA11_HUMAN.H11MO.0.B	1652	7893	0.20929937919675665	5992	53920	0.11112759643916914	-1	3.862934754899973e-13	Enriched
ZN143_HUMAN.H11MO.0.A	1699	8329	0.20398607275783406	6045	54900	0.11010928961748634	-1	2.31994996419615e-12	Enriched
ZFP42_HUMAN.H11MO.0.A	878	4651	0.18877660718125133	5807	56209	0.10331085769182873	-1	1.689209443122604e-11	Enriched
PAX5_HUMAN.H11MO.0.A	3324	52069	0.06383836831896138	4629	31973	0.14477840678072126	-1	5.6110959915336454e-11	Depleted
ATF2_HUMAN.H11MO.0.B	609	3255	0.1870967741935484	3510	32262	0.10879672679933047	-1	1.7073360415509425e-09	Enriched
KLF1_HUMAN.H11MO.0.A	11119	44566	0.2494951308172149	6274	42109	0.14899427675793772	-1	4.945000011971696e-09	Enriched
ATF6A_HUMAN.H11MO.0.B	318	1489	0.21356615177971794	1647	12753	0.12914608327452365	-1	2.2290797102943113e-08	Enriched
ETS1_HUMAN.H11MO.0.A	1792	9228	0.19419159081057646	5989	49943	0.11991670504374988	-1	1.179137298957098e-07	Enriched
ZNF76_HUMAN.H11MO.0.C	2022	10550	0.19165876777251184	6584	54983	0.11974610334103268	-1	2.653269438534409e-07	Enriched
RFX2_HUMAN.H11MO.0.A	643	3577	0.17975957506290188	4572	40289	0.1134801062324704	-1	4.925373124619626e-07	Enriched
ZN121_HUMAN.H11MO.0.C	3891	67617	0.057544700297262524	6187	49241	0.1256473264149794	-1	9.177581155423315e-07	Depleted
E2F5_HUMAN.H11MO.0.B	116	521	0.22264875239923226	1900	13123	0.14478396708069802	-1	6.278226803789645e-06	Enriched
FEV_HUMAN.H11MO.0.B	942	4421	0.213073965166252	4126	29692	0.13895998922268624	-1	6.5914049801079365e-06	Enriched
ZN770_HUMAN.H11MO.0.C	12282	131075	0.09370207896242608	8395	58308	0.14397681278726762	-1	7.559571214930035e-06	Depleted
SP2_HUMAN.H11MO.0.A	42985	184909	0.23246569934400166	6802	29630	0.2295646304421195	-1	8.425566528194768e-06	Enriched
KLF5_HUMAN.H11MO.0.A	7095	35394	0.20045770469571114	7155	54090	0.13227953410981694	-1	1.1500404309489893e-05	Enriched
FOXC1_HUMAN.H11MO.0.C	730	5818	0.1254726710209694	4221	49128	0.08591841719589642	-1	1.1536112093696209e-05	Enriched
EHF_HUMAN.H11MO.0.B	919	5677	0.16188127532147262	5797	53064	0.10924543946932007	-1	1.7120474703699078e-05	Enriched
E2F7_HUMAN.H11MO.0.B	3591	17280	0.2078125	5046	36564	0.13800459468329504	-1	2.0312592130554493e-05	Enriched
HNF1B_HUMAN.H11MO.0.A	527	4866	0.10830250719276613	3771	47867	0.07878078843462093	-1	5.9165138248164246e-05	Enriched
E2F4_HUMAN.H11MO.0.A	4199	18106	0.2319120733458522	4398	28298	0.15541734398190685	-1	6.477171413886373e-05	Enriched
TFDP1_HUMAN.H11MO.0.C	2371	11544	0.2053880803880804	4707	33774	0.13936756084562088	-1	7.57476398980626e-05	Enriched
NFE2_HUMAN.H11MO.0.A	601	3565	0.16858345021037868	5342	45692	0.11691324520703845	-1	8.663205887571217e-05	Enriched
ZN250_HUMAN.H11MO.0.C	447	3448	0.12964037122969838	4349	46813	0.092901544442783	-1	8.929847030059976e-05	Enriched
RFX3_HUMAN.H11MO.0.B	381	2747	0.13869676010192938	4085	41370	0.09874305051970028	-1	9.925062472973513e-05	Enriched
JUN_HUMAN.H11MO.0.A	464	3016	0.15384615384615385	4470	41173	0.1085662934447332	-1	0.00012092656470933034	Enriched
TAL1_HUMAN.H11MO.0.A	427	2823	0.15125752745306412	4783	44515	0.10744692800179714	-1	0.00014860874725847482	Enriched
HNF1A_HUMAN.H11MO.0.C	614	6024	0.10192563081009297	4044	51648	0.0782992565055762	-1	0.00026195256673823683	Enriched
FOSL1_HUMAN.H11MO.0.A	628	3972	0.1581067472306143	4760	42090	0.11309099548586365	-1	0.00026757176056461636	Enriched
SP4_HUMAN.H11MO.0.A	17264	76010	0.22712800947243786	7296	46806	0.15587745160876812	-1	0.0002795050473728791	Enriched
TAF1_HUMAN.H11MO.0.A	7385	37519	0.19683360430715105	5500	40012	0.13745876237128862	-1	0.0003175475720977809	Enriched
FOXP1_HUMAN.H11MO.0.A	641	5706	0.1123378899404136	3952	46238	0.08547082486266706	-1	0.000352701664503521	Enriched
VDR_HUMAN.H11MO.0.A	857	5232	0.16379969418960244	6206	52868	0.11738669894832413	-1	0.0003662750641213071	Enriched
PO3F1_HUMAN.H11MO.0.C	418	3628	0.11521499448732085	4935	56102	0.08796477843927132	-1	0.0004686180246715178	Enriched
NF2L2_HUMAN.H11MO.0.A	534	3559	0.15004214667041305	5503	49901	0.1102783511352478	-1	0.0006342418392211798	Enriched
BACH2_HUMAN.H11MO.0.A	623	3938	0.15820213306246825	5598	48535	0.11533944576079118	-1	0.0006379884192805105	Enriched
ZBT14_HUMAN.H11MO.0.C	1197	4846	0.2470078415187784	1671	7309	0.22862224654535504	-1	0.0006669241933937376	Enriched
JUND_HUMAN.H11MO.0.A	540	3580	0.15083798882681565	4485	40314	0.11125167435630302	-1	0.0007621777323749698	Enriched
THB_HUMAN.H11MO.0.C	1067	13212	0.08075991522858007	5858	46775	0.125237840726884	-1	0.0008325318824746062	Depleted
KLF3_HUMAN.H11MO.0.B	17749	72086	0.2462197930249979	6531	38254	0.17072724420975585	-1	0.0009184636641487283	Enriched
HNF4G_HUMAN.H11MO.0.B	753	5153	0.14612846885309527	7042	64667	0.10889634589512426	-1	0.0009396694294343209	Enriched
GATA1_HUMAN.H11MO.0.A	452	3388	0.1334120425029516	4924	48697	0.10111505842249008	-1	0.0009687989102564422	Enriched
RFX1_HUMAN.H11MO.0.B	1732	8042	0.21536931111663765	4888	32170	0.15194280385452286	-1	0.0010238591240670275	Enriched
FOXA1_HUMAN.H11MO.0.A	669	5669	0.11801023108131944	4728	51445	0.0919039751190592	-1	0.001087675958184366	Enriched
RXRB_HUMAN.H11MO.0.C	1121	15448	0.07256602796478509	5621	47069	0.11942042533302173	-1	0.0011009056908931848	Depleted
E2F3_HUMAN.H11MO.0.A	904	5737	0.15757364476207078	5417	46399	0.116748205780297	-1	0.0012500499018565602	Enriched
SMAD3_HUMAN.H11MO.0.B	1370	14266	0.0960325248843404	7799	58455	0.13341886921563595	-1	0.0013272774041259462	Depleted
THA_HUMAN.H11MO.0.C	1376	19423	0.07084384492611852	6330	53826	0.11760115929104893	-1	0.0014484584340168501	Depleted
HNF4A_HUMAN.H11MO.0.A	685	4855	0.141091658084449	6980	64889	0.10756830895837508	-1	0.0017963844534228683	Enriched
FOSL2_HUMAN.H11MO.0.A	528	3628	0.14553472987872107	4687	42262	0.11090341204864892	-1	0.0022058030875355826	Enriched
GATA6_HUMAN.H11MO.0.A	524	4417	0.1186325560335069	4865	51237	0.09495091437828132	-1	0.0027862718987618595	Enriched
JUNB_HUMAN.H11MO.0.A	545	3509	0.15531490453120547	4978	42261	0.11779181751496652	-1	0.002939046008854329	Enriched
BMAL1_HUMAN.H11MO.0.A	465	2732	0.17020497803806736	1847	14539	0.12703762294518192	-1	0.0029773005642483243	Enriched
ZKSC1_HUMAN.H11MO.0.B	353	5443	0.06485394084144773	4390	39403	0.11141283658604677	1	0.00341741705068783	Depleted
KLF6_HUMAN.H11MO.0.A	17974	85868	0.2093212838309964	7669	50528	0.1517772324255858	-1	0.003578128565868105	Enriched
E2F1_HUMAN.H11MO.0.A	2280	11087	0.20564625236763776	4338	28993	0.14962232262960026	-1	0.0037194139690624292	Enriched
HINFP_HUMAN.H11MO.0.C	86	444	0.19369369369369369	1033	7250	0.14248275862068965	-1	0.004038406199501077	Enriched
HXA9_HUMAN.H11MO.0.B	332	3523	0.09423786545557764	3919	48149	0.08139317535151301	-1	0.004610780238861928	Enriched
MBD2_HUMAN.H11MO.0.B	1433	6345	0.2258471237194641	3207	15270	0.2100196463654224	-1	0.00465081674648656	Enriched
MEIS1_HUMAN.H11MO.0.A	295	2843	0.1037636299683433	4325	49311	0.08770862485043905	-1	0.005280533672784405	Enriched
CTCF_HUMAN.H11MO.0.A	1567	7864	0.1992624618514751	5998	40836	0.14688020374179644	-1	0.005483419483969224	Enriched
STAT3_HUMAN.H11MO.0.A	655	5016	0.13058213716108452	6438	61518	0.1046522968887155	1	0.005914461269563014	Enriched
FOSB_HUMAN.H11MO.0.A	264	2063	0.12796897721764422	3464	33602	0.10308910183917623	1	0.006012576008547837	Enriched
CTCFL_HUMAN.H11MO.0.A	2373	10924	0.2172281215671915	5915	37324	0.15847711927981994	-1	0.006386719255771542	Enriched
ZN768_HUMAN.H11MO.0.C	1305	14389	0.09069428035304747	7684	61319	0.12531189354033825	1	0.0066485220722314374	Depleted
E2F2_HUMAN.H11MO.0.B	190	855	0.2222222222222222	1849	11415	0.16197985107314936	-1	0.007255627240774878	Enriched
GATA2_HUMAN.H11MO.0.A	478	3826	0.12493465760585468	5200	50997	0.10196678235974664	1	0.007583881394763181	Enriched
ZN317_HUMAN.H11MO.0.C	230	3795	0.060606060606060615	6001	56524	0.10616729176986768	1	0.007839652862717724	Depleted
ETV2_HUMAN.H11MO.0.B	1434	9940	0.1442655935613682	6739	58844	0.11452314594521107	1	0.009090128433220409	Enriched
INSM1_HUMAN.H11MO.0.C	953	6279	0.15177576047141264	7327	61452	0.11923126993425764	1	0.009264901674001135	Enriched
BACH1_HUMAN.H11MO.0.A	713	4373	0.16304596386919734	5468	43130	0.1267795038256434	1	0.01098028158787839	Enriched
ELF3_HUMAN.H11MO.0.A	901	7217	0.12484411805459332	6201	59808	0.10368178170144464	1	0.012765976142743989	Enriched
TF65_HUMAN.H11MO.0.A	526	4109	0.12801168167437332	6961	65859	0.10569550099454897	1	0.012967126944349709	Enriched
ELF5_HUMAN.H11MO.0.A	1784	12086	0.14760880357438358	6645	56352	0.11791950596252128	1	0.013362295578629193	Enriched
ZN322_HUMAN.H11MO.0.B	910	8201	0.1109620777953908	6029	44535	0.13537667003480408	1	0.013767574172523757	Depleted
ZFP28_HUMAN.H11MO.0.C	2822	57877	0.04875857421773762	7017	72831	0.09634633603822547	1	0.016118915221765045	Depleted
HXA1_HUMAN.H11MO.0.C	186	3413	0.0544975095224143	4977	49843	0.09985354011596413	1	0.016303978299911984	Depleted
ZFX_HUMAN.H11MO.0.A	1604	8348	0.19214183037853375	5618	38310	0.14664578439049855	-1	0.018555726637493962	Enriched
ARNT_HUMAN.H11MO.0.B	57	432	0.13194444444444445	592	5386	0.10991459339027107	1	0.021162369175257947	Enriched
EPAS1_HUMAN.H11MO.0.B	57	432	0.13194444444444445	592	5386	0.10991459339027107	1	0.021162369175257947	Enriched
ZNF8_HUMAN.H11MO.0.C	148	3017	0.04905535299966855	3673	38454	0.09551672127737036	1	0.021186229181174878	Depleted
ZN449_HUMAN.H11MO.0.C	910	6368	0.14290201005025124	7294	62448	0.11680117858057905	1	0.02179067001157118	Enriched
FOXA2_HUMAN.H11MO.0.A	500	4710	0.10615711252653927	4780	50471	0.09470785203384123	1	0.025653438517575424	Enriched
NOBOX_HUMAN.H11MO.0.C	111	1195	0.09288702928870292	3861	44555	0.08665694085961173	1	0.02668840626830518	Enriched
CEBPE_HUMAN.H11MO.0.A	94	933	0.1007502679528403	3360	36659	0.09165552797403094	1	0.027628854365472254	Enriched
ETV4_HUMAN.H11MO.0.B	1077	8011	0.13444014480089878	6696	59177	0.11315206921608058	1	0.03261519151316717	Enriched
ERG_HUMAN.H11MO.0.A	2107	14241	0.14795309318165858	7151	58764	0.12169015043223742	1	0.03410648837361975	Enriched
IRF3_HUMAN.H11MO.0.B	8327	137625	0.060504995458673924	7535	75014	0.10044791638894073	1	0.03647548862899664	Depleted
ZN281_HUMAN.H11MO.0.A	10448	62054	0.16836948464240822	8602	63850	0.13472200469851214	1	0.03764168131331721	Enriched
EGR2_HUMAN.H11MO.0.A	12546	73007	0.17184653526374186	7312	53386	0.13696474731202934	1	0.038486696396859726	Enriched
NKX31_HUMAN.H11MO.0.C	214	4020	0.053233830845771136	5661	59214	0.09560239132637552	1	0.03965939978493508	Depleted
NFKB2_HUMAN.H11MO.0.B	695	5218	0.13319279417401306	7231	63781	0.113372320910616	1	0.04141945246926169	Enriched
PBX3_HUMAN.H11MO.0.A	468	3356	0.1394517282479142	5373	45732	0.11748884807137235	1	0.04388161265084405	Enriched
ZN394_HUMAN.H11MO.0.C	1897	37180	0.05102205486820872	6854	73136	0.09371581710785386	1	0.04480207323479826	Depleted
RARA_HUMAN.H11MO.0.A	2161	23898	0.0904259770692108	7472	63380	0.11789207952035342	1	0.04680775545123394	Depleted
HSF1_HUMAN.H11MO.0.A	633	5507	0.11494461594334485	5929	57729	0.10270401358069603	1	0.047793364110079235	Enriched
STAT1_HUMAN.H11MO.0.A	623	5315	0.11721542803386642	6519	62440	0.10440422805893658	1	0.05112687179247298	Not Significant
ZFP82_HUMAN.H11MO.0.C	1597	30362	0.052598643040642906	6974	74126	0.09408304778350376	1	0.05149267044413967	Not Significant
FOXA3_HUMAN.H11MO.0.B	448	4621	0.09694871239991344	4962	53981	0.0919212315444323	1	0.05169661533531613	Not Significant
BHE40_HUMAN.H11MO.0.A	224	1893	0.11833069202324352	1620	12028	0.13468573328899236	1	0.051996122128036136	Not Significant
KLF15_HUMAN.H11MO.0.A	23317	127037	0.18354495147083133	8415	57765	0.14567644767592833	-1	0.05416800347432455	Not Significant
FOS_HUMAN.H11MO.0.A	395	2931	0.13476629136813376	3273	28230	0.1159404888416578	1	0.05953114655263099	Not Significant
TBX3_HUMAN.H11MO.0.C	950	11128	0.08537023723939613	6495	57169	0.11361052318564255	1	0.06064779102341211	Not Significant
ZN136_HUMAN.H11MO.0.C	240	4251	0.056457304163726185	5520	57734	0.09561090518585236	1	0.062267417270103716	Not Significant
MYCN_HUMAN.H11MO.0.A	508	2861	0.1775602936036351	2249	15763	0.1426758865698154	1	0.06318229339157677	Not Significant
ZBT7A_HUMAN.H11MO.0.A	400	3267	0.12243648607284972	4293	31504	0.13626841036058912	1	0.06419654484535114	Not Significant
CEBPD_HUMAN.H11MO.0.C	214	3103	0.06896551724137931	4646	45327	0.10249961391665012	1	0.07453284991608468	Not Significant
FOXO3_HUMAN.H11MO.0.B	351	3509	0.1000284981476204	4674	48892	0.09559846191605988	1	0.07588211096725327	Not Significant
BRAC_HUMAN.H11MO.0.A	258	3391	0.07608375110586847	5757	53912	0.10678513132512242	1	0.076351104261925	Not Significant
OZF_HUMAN.H11MO.0.C	335	6662	0.050285199639747834	5104	56265	0.09071358748778104	1	0.07824752364133304	Not Significant
SOX3_HUMAN.H11MO.0.B	649	5610	0.11568627450980393	6777	64228	0.1055147287787258	1	0.0796351872012454	Not Significant
ZNF18_HUMAN.H11MO.0.C	249	2869	0.08678982223771349	4790	42367	0.11305969268534473	1	0.08196417799619421	Not Significant
HTF4_HUMAN.H11MO.0.A	895	8275	0.1081570996978852	7164	56791	0.1261467486045324	1	0.08407814012834913	Not Significant
CEBPG_HUMAN.H11MO.0.B	244	2343	0.10413999146393513	4980	50247	0.0991103946504269	1	0.0923336277715861	Not Significant
RELB_HUMAN.H11MO.0.C	470	3859	0.12179321067634102	7259	65942	0.11008158684904916	1	0.09334442480238503	Not Significant
NFIA_HUMAN.H11MO.0.C	444	3429	0.1294838145231846	7279	63337	0.11492492539905586	1	0.09496857359639188	Not Significant
ZNF41_HUMAN.H11MO.0.C	529	6613	0.07999395130802964	6856	63440	0.10807061790668347	1	0.09589432459868752	Not Significant
SRF_HUMAN.H11MO.0.A	328	3525	0.09304964539007092	5928	64123	0.09244732779189994	1	0.09593431802380098	Not Significant
ZBT17_HUMAN.H11MO.0.A	13835	90003	0.15371709831894492	8715	67047	0.1299834444494161	1	0.09634820751453532	Not Significant
RFX5_HUMAN.H11MO.0.A	544	3956	0.13751263902932254	5988	49906	0.11998557287700876	1	0.09676751442545056	Not Significant
P73_HUMAN.H11MO.0.A	416	4351	0.095610204550678	6459	54909	0.11763098945528055	1	0.09770716799842849	Not Significant
FOXP2_HUMAN.H11MO.0.C	230	2303	0.0998697351280938	3647	37670	0.0968144411998938	1	0.09877528928798823	Not Significant
HXC9_HUMAN.H11MO.0.C	314	4072	0.07711198428290766	4901	59205	0.08278017059369985	1	0.09950763338120028	Not Significant
ZN490_HUMAN.H11MO.0.C	365	4617	0.07905566385098549	6555	61098	0.1072866542276343	1	0.0997707227812723	Not Significant
PKNX1_HUMAN.H11MO.0.B	471	3579	0.13160100586756074	5643	48386	0.11662464349191914	1	0.10244480309317228	Not Significant
GATA4_HUMAN.H11MO.0.A	363	3525	0.10297872340425533	4760	48107	0.09894609932026524	1	0.10284311775349447	Not Significant
SNAI2_HUMAN.H11MO.0.A	611	5771	0.1058741985791024	6281	50796	0.12365146861957635	1	0.10405495474176452	Not Significant
P53_HUMAN.H11MO.0.A	336	3442	0.09761766414875073	6129	51731	0.11847828188127042	1	0.10540871402107854	Not Significant
NR2C2_HUMAN.H11MO.0.B	515	3678	0.14002175095160413	4775	39102	0.12211651577924405	1	0.10816164623830116	Not Significant
EGR1_HUMAN.H11MO.0.A	7189	38085	0.18876197978206646	5684	37304	0.15236971906497962	-1	0.11052088729208542	Not Significant
CEBPA_HUMAN.H11MO.0.A	269	3845	0.06996098829648895	5434	53786	0.10103000780872344	1	0.11253829348621192	Not Significant
ZN554_HUMAN.H11MO.0.C	908	8386	0.10827569759122346	6294	50478	0.12468798288363248	1	0.11325905001682218	Not Significant
SMAD4_HUMAN.H11MO.0.B	832	5981	0.13910717271359305	6058	49718	0.1218472183112756	1	0.11434685117033744	Not Significant
MTF1_HUMAN.H11MO.0.C	268	1777	0.15081598199212154	2745	21246	0.12920079073707993	1	0.11677911325887208	Not Significant
NFAC1_HUMAN.H11MO.0.B	1529	25690	0.05951732191514208	7107	75456	0.09418734096692112	1	0.12084885029186249	Not Significant
MAFB_HUMAN.H11MO.0.B	386	3005	0.12845257903494176	6111	52867	0.11559195717555375	1	0.12159714965133162	Not Significant
PO2F2_HUMAN.H11MO.0.A	351	4340	0.08087557603686636	4517	52364	0.08626155373921014	1	0.12359076575976685	Not Significant
TF7L1_HUMAN.H11MO.0.B	296	3895	0.07599486521181001	6937	66544	0.10424681413801394	1	0.12374106184438949	Not Significant
SMCA5_HUMAN.H11MO.0.C	404	5363	0.0753309714711915	5502	53052	0.10370956797104727	1	0.12661752691044226	Not Significant
AHR_HUMAN.H11MO.0.B	36	291	0.12371134020618554	1390	12312	0.11289798570500326	1	0.12696749072863894	Not Significant
HLF_HUMAN.H11MO.0.C	85	1062	0.0800376647834275	1830	21294	0.0859397013243167	1	0.12806183710619778	Not Significant
STAT2_HUMAN.H11MO.0.A	2908	50394	0.0577052823748859	6566	70830	0.09270083298037554	1	0.12914688715067707	Not Significant
ZN257_HUMAN.H11MO.0.C	587	5861	0.10015355741341067	7213	60680	0.11886947923533288	1	0.13100018863735957	Not Significant
HXA13_HUMAN.H11MO.0.C	214	2805	0.07629233511586453	4522	53934	0.08384321578225239	1	0.13319271648464015	Not Significant
LEF1_HUMAN.H11MO.0.A	696	9666	0.07200496585971446	7457	73575	0.10135236153584776	1	0.13362486130954365	Not Significant
ANDR_HUMAN.H11MO.0.A	1372	24840	0.055233494363929145	5736	63159	0.09081841067781314	1	0.13753984783967893	Not Significant
ZN260_HUMAN.H11MO.0.C	288	5785	0.04978392394122731	4507	51590	0.08736189183950377	1	0.13965216487517207	Not Significant
FEZF1_HUMAN.H11MO.0.C	470	6543	0.07183249274033318	7343	72856	0.10078785549577247	1	0.14480416449814387	Not Significant
SUH_HUMAN.H11MO.0.A	645	5089	0.12674395755551188	5468	47246	0.1157346653684968	1	0.15035040384302722	Not Significant
COT1_HUMAN.H11MO.0.C	1996	16604	0.12021199710913033	8023	61549	0.13035142731807178	1	0.15382039076230214	Not Significant
MAF_HUMAN.H11MO.0.A	421	5099	0.08256520886448324	6435	60179	0.10693098921550707	1	0.15754066445384368	Not Significant
IRF1_HUMAN.H11MO.0.A	3422	59175	0.057828474862695385	6546	71443	0.09162549165068656	1	0.1577899433631607	Not Significant
SMCA1_HUMAN.H11MO.0.C	473	6408	0.07381398252184769	7104	69991	0.1014987641268163	1	0.15809455515315896	Not Significant
RXRG_HUMAN.H11MO.0.B	352	3224	0.10918114143920596	5928	56345	0.1052089803886769	1	0.15911645379991302	Not Significant
E2F6_HUMAN.H11MO.0.A	3587	22561	0.15899117946899516	5763	42368	0.13602246978851965	1	0.1594680276563714	Not Significant
TBP_HUMAN.H11MO.0.A	195	2761	0.07062658457080769	3680	45202	0.08141232688819079	1	0.16028864663054726	Not Significant
ZN382_HUMAN.H11MO.0.C	175	2237	0.07822977201609298	4372	42023	0.10403826475977443	1	0.1632282670774416	Not Significant
Z324A_HUMAN.H11MO.0.C	902	9303	0.09695797054713533	7398	63992	0.11560820102512814	1	0.16352053932737443	Not Significant
TWST1_HUMAN.H11MO.0.A	242	4050	0.059753086419753076	5232	56528	0.09255590150014152	1	0.16478614709486705	Not Significant
TCF7_HUMAN.H11MO.0.A	405	5312	0.07624246987951808	6985	68053	0.10264058895272804	1	0.1678541670471057	Not Significant
PRDM6_HUMAN.H11MO.0.C	2843	48430	0.058703283088994425	7276	79313	0.09173779834327284	1	0.1694441342058154	Not Significant
ITF2_HUMAN.H11MO.0.C	1225	10270	0.1192794547224927	7701	59610	0.1291897332662305	1	0.1696028105672706	Not Significant
HXB13_HUMAN.H11MO.0.A	268	3547	0.07555680857062308	5137	60574	0.08480536203651731	1	0.16970462133112357	Not Significant
RXRA_HUMAN.H11MO.0.A	2436	21512	0.11323912235031612	8200	65428	0.12532860549000427	1	0.17313467528142118	Not Significant
RUNX1_HUMAN.H11MO.0.A	516	5235	0.09856733524355302	5414	54554	0.09924111889137367	1	0.17553302017682437	Not Significant
ZN667_HUMAN.H11MO.0.C	563	5419	0.10389370732607492	7679	64302	0.11942085782712825	1	0.1767959707857129	Not Significant
RUNX3_HUMAN.H11MO.0.A	501	4996	0.10028022417934347	5495	54667	0.1005176797702453	1	0.1817868789849466	Not Significant
NR2E3_HUMAN.H11MO.0.C	449	6645	0.06756960120391271	6806	70353	0.09674072178869417	1	0.18312238325184033	Not Significant
BATF3_HUMAN.H11MO.0.B	289	4042	0.07149925779317169	5873	59224	0.0991658786978252	1	0.18326178056441061	Not Significant
ZN331_HUMAN.H11MO.0.C	1084	7488	0.14476495726495728	7574	59099	0.1281578368500313	1	0.18567378555604452	Not Significant
PATZ1_HUMAN.H11MO.0.C	32065	167810	0.19107919671056556	8435	53789	0.15681644945992676	-1	0.18626161054638013	Not Significant
CEBPB_HUMAN.H11MO.0.A	222	3451	0.06432917994784121	4433	46849	0.09462315097440714	1	0.1864673728692583	Not Significant
WT1_HUMAN.H11MO.0.C	29666	156629	0.1894029841217144	8199	52607	0.15585378371699585	-1	0.18844965158677907	Not Significant
ZIM3_HUMAN.H11MO.0.C	616	8306	0.07416325547796772	6680	66412	0.10058423176534363	1	0.1900305131361113	Not Significant
ZIC3_HUMAN.H11MO.0.B	898	7096	0.12655016910935735	7626	57365	0.13293820273686047	1	0.19122237254156593	Not Significant
NKX21_HUMAN.H11MO.0.A	229	2320	0.09870689655172414	6294	54407	0.1156836436487952	1	0.19234998706924655	Not Significant
IRF8_HUMAN.H11MO.0.B	1349	17274	0.07809424568715989	7038	68446	0.10282558513280543	1	0.19574457896748199	Not Significant
MYB_HUMAN.H11MO.0.A	234	2436	0.0960591133004926	6175	54250	0.11382488479262673	1	0.19909163719089196	Not Significant
BC11A_HUMAN.H11MO.0.A	2140	26448	0.0809134906231095	7622	73037	0.1043580650902967	1	0.20222603960956576	Not Significant
HSF2_HUMAN.H11MO.0.A	353	3551	0.09940861729090396	4819	47847	0.1007168683512028	1	0.20404428123119228	Not Significant
BATF_HUMAN.H11MO.0.A	226	3203	0.07055885107711521	5252	53788	0.09764259686175356	1	0.21207014745662972	Not Significant
IRF9_HUMAN.H11MO.0.C	436	5697	0.07653150781112866	4863	55936	0.08693864416475973	1	0.21572104491918326	Not Significant
ZN436_HUMAN.H11MO.0.C	1409	11710	0.12032450896669515	8394	65443	0.1282642910624513	1	0.2169301121952507	Not Significant
ZN680_HUMAN.H11MO.0.C	429	5265	0.08148148148148149	6702	64307	0.10421882532228216	1	0.21779328151740296	Not Significant
ZIC1_HUMAN.H11MO.0.B	505	4475	0.1128491620111732	4881	39498	0.12357587725960807	1	0.21907120606938868	Not Significant
GCR_HUMAN.H11MO.0.A	281	3109	0.09038275972981666	5410	49343	0.10964067851569624	1	0.22047177121482953	Not Significant
THAP1_HUMAN.H11MO.0.C	6945	30760	0.2257802340702211	5737	29679	0.19330166110718014	-1	0.22252989926214406	Not Significant
ERR1_HUMAN.H11MO.0.A	527	5670	0.09294532627865963	6232	56083	0.11112101706399444	1	0.2238910219626587	Not Significant
NKX28_HUMAN.H11MO.0.C	77	914	0.08424507658643328	3219	30466	0.10565876715026587	1	0.22661503606374866	Not Significant
FOXO4_HUMAN.H11MO.0.C	354	4790	0.07390396659707725	4002	46673	0.08574550596704733	1	0.22989898050639118	Not Significant
ESR1_HUMAN.H11MO.0.A	502	4810	0.10436590436590436	5983	50737	0.11792183219346827	1	0.23258880365856133	Not Significant
STA5A_HUMAN.H11MO.0.A	540	5563	0.09706992629875966	6603	65897	0.10020183012883743	1	0.23432050415778333	Not Significant
ZN582_HUMAN.H11MO.0.C	290	3869	0.07495476867407598	5679	56974	0.09967704566995472	1	0.23455353882336394	Not Significant
SOX4_HUMAN.H11MO.0.B	781	7528	0.1037460148777896	7069	67732	0.1043672119529912	1	0.23557906416135455	Not Significant
NKX32_HUMAN.H11MO.0.C	164	2730	0.060073260073260075	4425	48938	0.09042053210184314	1	0.23639863587502985	Not Significant
TFAP4_HUMAN.H11MO.0.A	465	4567	0.10181738559229253	6762	58223	0.11613966988990605	1	0.23958902765163864	Not Significant
MAFK_HUMAN.H11MO.0.A	358	3310	0.1081570996978852	5855	54602	0.10723050437712904	1	0.2402027705513602	Not Significant
OLIG2_HUMAN.H11MO.0.B	836	8148	0.10260186548846342	7675	65851	0.11655100150339402	1	0.24211973412204835	Not Significant
NR1D1_HUMAN.H11MO.0.B	860	8622	0.09974483878450477	7438	64840	0.1147131400370142	1	0.24457648343010335	Not Significant
SP3_HUMAN.H11MO.0.B	31337	134310	0.2333184424093515	6936	37530	0.18481215027977616	-1	0.2466692765427277	Not Significant
REL_HUMAN.H11MO.0.B	505	5117	0.0986906390463162	7146	70354	0.10157204991898117	1	0.24694065110702734	Not Significant
NR1H3_HUMAN.H11MO.0.B	442	4650	0.0950537634408602	6450	57734	0.11171926421172966	1	0.24780969631853833	Not Significant
ZN708_HUMAN.H11MO.0.C	379	3329	0.11384800240312408	5349	48187	0.11100504285388177	1	0.2490441054850841	Not Significant
ASCL1_HUMAN.H11MO.0.A	1384	10888	0.12711241734019105	7287	55510	0.13127364438839847	1	0.2572861497897341	Not Significant
NR2C1_HUMAN.H11MO.0.C	484	3808	0.12710084033613445	5916	49520	0.11946688206785135	1	0.258459205573366	Not Significant
FOXQ1_HUMAN.H11MO.0.C	317	4566	0.06942619360490583	4060	48437	0.08382022007969114	1	0.2590580229923708	Not Significant
ESR2_HUMAN.H11MO.0.A	693	5049	0.13725490196078433	5943	47207	0.12589234647403988	1	0.2637100607475549	Not Significant
ZN274_HUMAN.H11MO.0.A	389	4723	0.0823629049333051	6311	61045	0.10338275043001063	1	0.26515742148648797	Not Significant
LYL1_HUMAN.H11MO.0.A	1014	9261	0.1094914156138646	7549	62845	0.1201209324528602	1	0.26649074695316	Not Significant
STAT4_HUMAN.H11MO.0.A	558	5533	0.10084944876197363	6976	67426	0.10346157268709401	1	0.26662480034924224	Not Significant
PDX1_HUMAN.H11MO.0.A	178	2016	0.0882936507936508	4596	48011	0.09572806231905187	1	0.2677277764553927	Not Significant
DUX4_HUMAN.H11MO.0.A	180	2506	0.07182761372705508	4334	50657	0.08555579682965829	1	0.26807632525061964	Not Significant
LHX3_HUMAN.H11MO.0.C	271	5537	0.04894347119378725	3491	48877	0.0714241872455347	1	0.26876403772124124	Not Significant
PTF1A_HUMAN.H11MO.0.B	1450	11469	0.12642776179265847	7817	59887	0.13052916325746824	1	0.26882836663360454	Not Significant
FOXM1_HUMAN.H11MO.0.A	641	7036	0.09110289937464468	6110	62659	0.09751192965096794	1	0.26942613714290997	Not Significant
NR4A1_HUMAN.H11MO.0.A	288	2742	0.1050328227571116	5357	50454	0.1061759226225869	1	0.271260931280708	Not Significant
ZN549_HUMAN.H11MO.0.C	323	2967	0.10886417256488036	6493	59795	0.10858767455472866	1	0.27281892475139746	Not Significant
NR4A2_HUMAN.H11MO.0.C	288	2742	0.1050328227571116	5360	50451	0.10624169986719788	1	0.2736676503525409	Not Significant
RORG_HUMAN.H11MO.0.C	208	2502	0.08313349320543566	5340	51535	0.10361889977685068	1	0.273903735462357	Not Significant
NR1H4_HUMAN.H11MO.0.B	1220	7615	0.16021011162179907	6163	43905	0.1403712561211707	1	0.2740473161444825	Not Significant
PRGR_HUMAN.H11MO.0.A	329	3918	0.08397141398672793	5794	55656	0.1041037803650999	1	0.2751249436678037	Not Significant
SPI1_HUMAN.H11MO.0.A	1452	13597	0.10678826211664336	7322	68186	0.1073827471915056	1	0.2757087617924462	Not Significant
Z354A_HUMAN.H11MO.0.C	1093	23731	0.046057898950739536	5421	67374	0.0804613055481343	1	0.2824674100341272	Not Significant
CDX2_HUMAN.H11MO.0.A	288	4735	0.060823653643083425	5709	63735	0.08957401741586256	1	0.28312993001450004	Not Significant
GATA3_HUMAN.H11MO.0.A	484	6209	0.07795136092768562	5242	58316	0.08988956718567802	1	0.28829536144414464	Not Significant
FLI1_HUMAN.H11MO.0.A	5258	47177	0.11145261462153168	8335	69060	0.12069215175209964	1	0.2902022588300391	Not Significant
ZN563_HUMAN.H11MO.0.C	1001	6742	0.14847226342331651	7035	52670	0.13356749572811846	1	0.29096753712656576	Not Significant
HXB8_HUMAN.H11MO.0.C	194	2834	0.068454481298518	4614	54816	0.08417250437828372	1	0.29416629476890177	Not Significant
ISL1_HUMAN.H11MO.0.A	100	1058	0.0945179584120983	4010	39984	0.10029011604641856	1	0.29420824119718614	Not Significant
TFE2_HUMAN.H11MO.0.A	1024	8337	0.1228259565791052	7139	55945	0.12760747162391636	1	0.2946484226987572	Not Significant
ZN586_HUMAN.H11MO.0.C	868	10056	0.08631662688941925	7384	70309	0.10502211665647357	1	0.29501294486433505	Not Significant
ZN418_HUMAN.H11MO.0.C	726	6817	0.10649845973302037	7171	66557	0.10774223597818412	1	0.29587714272198246	Not Significant
REST_HUMAN.H11MO.0.A	653	5340	0.12228464419475656	5909	46444	0.12722849022478686	1	0.2963318869155238	Not Significant
IRF4_HUMAN.H11MO.0.A	999	11498	0.08688467559575579	7021	66758	0.10517091584529197	1	0.3027540328263745	Not Significant
ZN214_HUMAN.H11MO.0.C	317	4315	0.07346465816917729	6674	68895	0.09687205167283547	1	0.3027738891060096	Not Significant
ZN528_HUMAN.H11MO.0.C	529	5505	0.09609445958219802	7413	66869	0.11085854431799487	1	0.30303470841375413	Not Significant
ZN350_HUMAN.H11MO.0.C	421	6392	0.06586357947434293	6673	72404	0.09216341638583504	1	0.30309945600395616	Not Significant
ZN140_HUMAN.H11MO.0.C	393	4662	0.08429858429858429	5978	57761	0.10349543809837088	1	0.30569687567286197	Not Significant
HXB7_HUMAN.H11MO.0.C	217	3228	0.06722428748451054	4612	55076	0.08373883361173651	1	0.3066990716058621	Not Significant
SPIB_HUMAN.H11MO.0.A	1186	11189	0.10599696130127803	7274	67486	0.10778531843641644	1	0.3094574866419266	Not Significant
EVI1_HUMAN.H11MO.0.B	242	3888	0.06224279835390946	4476	49874	0.08974616032401653	1	0.3099956452737327	Not Significant
PO5F1_HUMAN.H11MO.0.A	310	4968	0.06239935587761675	5816	64753	0.08981823235989066	1	0.3109576258048846	Not Significant
CLOCK_HUMAN.H11MO.0.C	437	3820	0.11439790575916232	3413	28013	0.12183629029379214	1	0.3162521484526214	Not Significant
FOXK1_HUMAN.H11MO.0.A	649	8543	0.07596862928713567	5289	59161	0.08940011155998039	1	0.3165990112750949	Not Significant
NFAC4_HUMAN.H11MO.0.C	393	6542	0.060073372057474775	6264	70999	0.08822659474077099	1	0.31695005329343623	Not Significant
PRD14_HUMAN.H11MO.0.A	191	2190	0.08721461187214613	5051	48108	0.1049929325683878	1	0.31760203468107145	Not Significant
ZSC22_HUMAN.H11MO.0.C	4710	30921	0.15232366352964005	6973	51030	0.13664511071918478	1	0.31779247639639585	Not Significant
HNF6_HUMAN.H11MO.0.B	184	3333	0.055205520552055215	4450	52234	0.0851935520925068	1	0.31785213733524975	Not Significant
IRF2_HUMAN.H11MO.0.A	1801	27122	0.06640365754737851	6228	67644	0.0920702501330495	1	0.319729704526153	Not Significant
MYOG_HUMAN.H11MO.0.B	1100	8505	0.12933568489124045	7006	53510	0.13092879835544755	1	0.32193211651696685	Not Significant
ATOH1_HUMAN.H11MO.0.B	339	3362	0.10083283759666864	5391	47582	0.11329914673616072	1	0.3221195675362213	Not Significant
MYOD1_HUMAN.H11MO.0.A	1156	9033	0.12797520203697554	6954	53465	0.1300663985785093	1	0.32276733602479224	Not Significant
NR5A2_HUMAN.H11MO.0.B	682	6660	0.1024024024024024	7493	65584	0.1142504269333984	1	0.3228811408125504	Not Significant
TEAD4_HUMAN.H11MO.0.A	511	5302	0.0963787250094304	6249	61148	0.10219467521423432	1	0.3234481161994639	Not Significant
TBX21_HUMAN.H11MO.0.A	636	6108	0.10412573673870336	6044	52431	0.11527531422250195	1	0.3244939829074812	Not Significant
ZN341_HUMAN.H11MO.0.C	14719	94330	0.15603731580621225	8882	63834	0.13914214995143653	1	0.32571592704812297	Not Significant
ZEB1_HUMAN.H11MO.0.A	1081	9097	0.1188303836429592	5850	47058	0.12431467550682138	1	0.3266104668486228	Not Significant
COE1_HUMAN.H11MO.0.A	832	7161	0.11618489037843875	8219	67009	0.12265516572400725	1	0.327550713652752	Not Significant
ZBT18_HUMAN.H11MO.0.C	498	4687	0.10625133347557073	6345	54459	0.11650966782350025	1	0.32767098828402946	Not Significant
SP1_HUMAN.H11MO.0.A	28037	114819	0.24418432489396355	6469	32062	0.2017653296737571	-1	0.32910541601587506	Not Significant
ZBTB6_HUMAN.H11MO.0.C	1055	7587	0.13905364439172269	6257	48593	0.12876340213611015	1	0.33062009706862194	Not Significant
IRF7_HUMAN.H11MO.0.C	562	6438	0.08729419074246661	5913	61091	0.09679003453863907	1	0.33191462914960207	Not Significant
OVOL1_HUMAN.H11MO.0.C	58	840	0.06904761904761905	1582	16955	0.09330580949572398	1	0.33561423814827807	Not Significant
RARG_HUMAN.H11MO.0.B	627	5177	0.121112613482712	5976	50698	0.1178744723657738	1	0.33884502016348994	Not Significant
NANOG_HUMAN.H11MO.0.A	377	6006	0.06277056277056277	6123	68533	0.08934381976566035	1	0.338854670333101	Not Significant
GFI1B_HUMAN.H11MO.0.A	343	3941	0.08703374777975133	5593	53641	0.10426725825394756	1	0.342079248823689	Not Significant
ZN263_HUMAN.H11MO.0.A	12218	78347	0.15594726026523031	8159	58489	0.13949631554651298	1	0.34214176533002105	Not Significant
MEIS2_HUMAN.H11MO.0.B	352	3729	0.0943952802359882	6005	55239	0.10870942631112077	1	0.3465355383098503	Not Significant
NFAC3_HUMAN.H11MO.0.B	286	4289	0.0666822103054325	5760	62911	0.09155791514997376	1	0.3471442845184465	Not Significant
ERR2_HUMAN.H11MO.0.A	450	4603	0.0977623289159244	5740	51859	0.11068474131780404	1	0.3508841106019793	Not Significant
NDF2_HUMAN.H11MO.0.B	240	2599	0.0923432089265102	5140	47914	0.10727553533414033	1	0.35326641177221985	Not Significant
ETV5_HUMAN.H11MO.0.C	2525	21677	0.11648290815149698	8058	69826	0.11540113997651305	1	0.35468097405916	Not Significant
GFI1_HUMAN.H11MO.0.C	380	4342	0.08751727314601566	5681	54561	0.10412199189897546	1	0.360225551757672	Not Significant
ZN320_HUMAN.H11MO.0.C	1704	13159	0.12949312257770348	7812	60079	0.1300287954193645	1	0.36225616720681836	Not Significant
ZNF85_HUMAN.H11MO.0.C	446	5562	0.08018698309960445	5783	62059	0.0931855170080085	1	0.36407890896951617	Not Significant
SOX2_HUMAN.H11MO.0.A	921	9678	0.09516429014259144	7253	70797	0.10244784383519076	1	0.36412109215542243	Not Significant
NR1I2_HUMAN.H11MO.0.C	330	3772	0.08748674443266173	6472	62262	0.10394783334939448	1	0.3666457809532131	Not Significant
ZN329_HUMAN.H11MO.0.C	498	4190	0.118854415274463	6618	56487	0.11715970046205322	1	0.3667276491150995	Not Significant
ZSC31_HUMAN.H11MO.0.C	896	7274	0.12317844377233984	6744	53596	0.12583028584222702	1	0.3744573057553594	Not Significant
OTX2_HUMAN.H11MO.0.A	186	2203	0.08443032228778938	5490	57128	0.09609998599635904	1	0.3761653961047309	Not Significant
ERR3_HUMAN.H11MO.0.B	193	2014	0.0958291956305859	3908	35900	0.10885793871866296	1	0.3769975894093078	Not Significant
FOXJ3_HUMAN.H11MO.0.A	1545	28455	0.05429625724828677	5216	62713	0.08317254795656404	1	0.3771335974227772	Not Significant
PPARA_HUMAN.H11MO.0.B	596	6281	0.09488934882980417	7251	66995	0.10823195760877677	1	0.37887441959990203	Not Significant
ZN502_HUMAN.H11MO.0.C	373	5177	0.07204944948812053	4935	52442	0.09410396247282712	1	0.379075878243581	Not Significant
OSR2_HUMAN.H11MO.0.C	2444	16943	0.14424836215546244	7379	55415	0.1331588919967518	1	0.3790984963924796	Not Significant
MAX_HUMAN.H11MO.0.A	330	2150	0.15348837209302327	2083	14996	0.13890370765537474	1	0.3804068974497833	Not Significant
PRDM1_HUMAN.H11MO.0.A	968	10957	0.0883453500045633	7085	68109	0.1040244314260964	1	0.38563960715513035	Not Significant
MYC_HUMAN.H11MO.0.A	293	2264	0.12941696113074205	3018	23323	0.12940016292929726	1	0.3865307013959704	Not Significant
SRY_HUMAN.H11MO.0.B	1409	25413	0.0554440640617007	5489	65672	0.08358204409794129	1	0.38976116303507835	Not Significant
AP2C_HUMAN.H11MO.0.A	1283	9514	0.134853899516502	8230	64491	0.12761470592795893	1	0.39025130025183713	Not Significant
ATF4_HUMAN.H11MO.0.A	262	2897	0.0904383845357266	5064	50466	0.1003447865889906	1	0.3985051147353141	Not Significant
SMAD2_HUMAN.H11MO.0.A	902	7304	0.12349397590361445	6437	53293	0.12078509372713114	1	0.3985129754633596	Not Significant
STAT6_HUMAN.H11MO.0.B	536	5295	0.1012275731822474	7161	66882	0.10706916659190814	1	0.4007525776627997	Not Significant
NKX61_HUMAN.H11MO.0.B	323	6896	0.04683874709976798	4731	60661	0.07799080133858657	1	0.4012208984497953	Not Significant
ZN547_HUMAN.H11MO.0.C	261	2340	0.11153846153846153	5552	48932	0.11346358211395405	1	0.40154546096687915	Not Significant
GLI3_HUMAN.H11MO.0.B	309	2871	0.10762800417972833	5443	49015	0.11104763847801694	1	0.4016353972240035	Not Significant
SIX2_HUMAN.H11MO.0.A	292	3141	0.09296402419611588	5647	55358	0.10200874309042957	1	0.40285709948255755	Not Significant
ZN384_HUMAN.H11MO.0.C	255	3235	0.07882534775888718	6163	63086	0.0976920394382272	1	0.40454103449092127	Not Significant
SIX1_HUMAN.H11MO.0.A	243	2730	0.08901098901098901	5118	51371	0.09962819489595297	1	0.40558120687829957	Not Significant
NR6A1_HUMAN.H11MO.0.B	390	4485	0.08695652173913042	6280	61159	0.10268317009761442	1	0.4061137890308586	Not Significant
MEF2C_HUMAN.H11MO.0.A	583	10017	0.0582010582010582	4877	60507	0.08060224436842019	1	0.4066730042262212	Not Significant
AIRE_HUMAN.H11MO.0.C	172	3085	0.05575364667747164	4961	59506	0.08336974422747286	1	0.4069232696146399	Not Significant
TF7L2_HUMAN.H11MO.0.A	288	3186	0.0903954802259887	6716	64091	0.10478850384609384	1	0.40701837969864474	Not Significant
MAFF_HUMAN.H11MO.0.B	435	4398	0.09890859481582538	6504	59114	0.11002469804107318	1	0.4082132373391541	Not Significant
RORA_HUMAN.H11MO.0.C	445	4504	0.09880106571936056	6780	61686	0.10991148720941543	1	0.4102130345400029	Not Significant
MEF2A_HUMAN.H11MO.0.A	555	9506	0.0583841784136335	4928	60990	0.08080013116904411	1	0.4102949504517741	Not Significant
BCL6_HUMAN.H11MO.0.A	504	5214	0.09666283084004602	7022	67194	0.10450337827782244	1	0.41172671128263694	Not Significant
ZN816_HUMAN.H11MO.0.C	1005	9463	0.10620310683715524	7203	62962	0.11440233791810933	1	0.41391081818439535	Not Significant
MZF1_HUMAN.H11MO.0.B	935	8946	0.10451598479767492	7488	68415	0.10944968208726157	1	0.41560008168083556	Not Significant
AP2A_HUMAN.H11MO.0.A	788	6994	0.11266800114383756	8109	68552	0.1182897654335395	1	0.41864580873192503	Not Significant
MAFG_HUMAN.H11MO.0.A	299	2811	0.10636784062611172	5691	51421	0.1106746270978783	1	0.41903313924810326	Not Significant
HXA10_HUMAN.H11MO.0.C	145	2698	0.05374351371386212	3383	41340	0.08183357522980164	1	0.41950151287442494	Not Significant
P63_HUMAN.H11MO.0.A	386	3028	0.12747688243064728	6084	49164	0.12374908469611913	1	0.41996109466291587	Not Significant
MEF2D_HUMAN.H11MO.0.A	1389	23955	0.057983719474013776	4318	53415	0.08083871571655903	1	0.42259567937881537	Not Significant
STF1_HUMAN.H11MO.0.B	729	6852	0.1063922942206655	7377	64552	0.11427996034204982	1	0.42421258547891116	Not Significant
FOXO1_HUMAN.H11MO.0.A	576	6419	0.08973360336501013	6104	60725	0.10051873198847262	1	0.4246355596255745	Not Significant
NDF1_HUMAN.H11MO.0.A	295	2722	0.10837619397501837	5456	48678	0.1120834874070422	1	0.42623304398641715	Not Significant
STA5B_HUMAN.H11MO.0.A	547	6200	0.0882258064516129	6963	69876	0.09964794779323373	1	0.427294702935175	Not Significant
ZBT48_HUMAN.H11MO.0.C	265	2214	0.11969286359530262	4773	40052	0.11917007889743332	1	0.4300747354944152	Not Significant
CUX1_HUMAN.H11MO.0.C	47	518	0.09073359073359072	2194	21004	0.10445629403923062	1	0.43030637598562405	Not Significant
PPARG_HUMAN.H11MO.0.A	801	7698	0.10405300077942324	7514	66774	0.11252882858597657	1	0.43739707871567457	Not Significant
ARI5B_HUMAN.H11MO.0.C	139	2059	0.06750849927149101	3820	42496	0.08989081325301204	1	0.43915579793050985	Not Significant
AP2B_HUMAN.H11MO.0.B	1630	8626	0.1889635984233712	5814	35238	0.16499233781712924	-1	0.4391975416390581	Not Significant
MAZ_HUMAN.H11MO.0.A	33569	217710	0.15419135547287674	9285	64709	0.1434885410066606	1	0.4392919208214377	Not Significant
KLF8_HUMAN.H11MO.0.C	489	4041	0.12100965107646622	5963	48495	0.12296113001340345	1	0.4396961809156615	Not Significant
MXI1_HUMAN.H11MO.0.A	766	4210	0.1819477434679335	2445	15222	0.16062278281434764	-1	0.44055566686219577	Not Significant
ZN467_HUMAN.H11MO.0.C	28466	192764	0.1476728019754726	9258	67672	0.13680695117626196	1	0.44462776148530175	Not Significant
PO3F2_HUMAN.H11MO.0.A	360	4855	0.07415036045314109	5829	63807	0.09135361323992663	1	0.445050085404726	Not Significant
TEAD1_HUMAN.H11MO.0.A	524	5614	0.09333808336302102	6118	57870	0.10571971660618627	1	0.4453731377164237	Not Significant
SOX17_HUMAN.H11MO.0.C	295	3599	0.08196721311475409	6003	62385	0.09622505409954316	1	0.4466978652523418	Not Significant
NFIC_HUMAN.H11MO.0.A	1053	8155	0.12912323727774372	8466	67507	0.1254092168219592	1	0.4477849066216989	Not Significant
NFAC2_HUMAN.H11MO.0.B	314	4814	0.06522642293311176	5639	65640	0.0859079829372334	1	0.44820942927473295	Not Significant
MEF2B_HUMAN.H11MO.0.A	1514	26072	0.05806996011046332	5254	62676	0.0838279405194971	1	0.4490114624357153	Not Significant
SOX10_HUMAN.H11MO.0.B	390	4711	0.08278497134366376	6992	70602	0.099034021699102	1	0.4523517747775424	Not Significant
ZN134_HUMAN.H11MO.0.C	409	3552	0.1151463963963964	6497	54590	0.11901447151492947	1	0.45367982812460467	Not Significant
BHA15_HUMAN.H11MO.0.B	1109	8480	0.13077830188679246	7247	56333	0.1286457316315481	1	0.45520016656576867	Not Significant
SRBP1_HUMAN.H11MO.0.A	401	3529	0.11362992349107395	4916	42355	0.11606658009680085	1	0.4581602232181782	Not Significant
RUNX2_HUMAN.H11MO.0.A	706	7516	0.0939329430548164	6205	59725	0.10389284219338636	1	0.45842279369969635	Not Significant
HEN1_HUMAN.H11MO.0.C	1289	8241	0.1564130566678801	6352	43983	0.14441943478162014	1	0.45859493017513636	Not Significant
GRHL2_HUMAN.H11MO.0.A	164	1720	0.09534883720930233	4883	46603	0.10477866231787653	1	0.4588727333020032	Not Significant
FOXH1_HUMAN.H11MO.0.A	153	1619	0.09450277949351453	4576	43873	0.10430105076014863	1	0.46086453523044446	Not Significant
SRBP2_HUMAN.H11MO.0.B	1459	11277	0.1293783807750288	5470	43452	0.1258860351652398	1	0.4617152013680208	Not Significant
NR1I3_HUMAN.H11MO.0.C	331	3425	0.09664233576642337	6323	58921	0.107313182057331	1	0.46501106353884414	Not Significant
DLX3_HUMAN.H11MO.0.C	107	1606	0.06662515566625156	3411	39106	0.08722446683373396	1	0.46794289433213365	Not Significant
DBP_HUMAN.H11MO.0.B	100	1607	0.062227753578095825	3170	36894	0.08592183010787663	1	0.46986808650361545	Not Significant
VEZF1_HUMAN.H11MO.0.C	28570	195890	0.14584715911991425	9300	67576	0.137622824671481	1	0.47011191855389484	Not Significant
CRX_HUMAN.H11MO.0.B	197	2516	0.07829888712241652	5282	55871	0.0945392063861395	1	0.47215947143008946	Not Significant
PO2F1_HUMAN.H11MO.0.C	362	5611	0.06451612903225806	5239	60025	0.08728029987505206	1	0.4723472552323187	Not Significant
PEBB_HUMAN.H11MO.0.C	485	5028	0.09645982498011138	5919	55938	0.10581357931996138	1	0.47410843204614644	Not Significant
PAX6_HUMAN.H11MO.0.C	190	2051	0.09263773768893224	4814	46530	0.10346013324736728	1	0.4745454338968954	Not Significant
PBX1_HUMAN.H11MO.0.A	440	3881	0.11337284205101775	6103	52465	0.11632516916039265	1	0.4764474047470902	Not Significant
LHX2_HUMAN.H11MO.0.A	201	3312	0.06068840579710145	4488	53588	0.08375009330447115	1	0.47656409349171996	Not Significant
PBX2_HUMAN.H11MO.0.C	213	3163	0.06734113183686374	5318	60524	0.08786597052408962	1	0.4766572926946496	Not Significant
ZN264_HUMAN.H11MO.0.C	232	2947	0.07872412623006447	5639	58799	0.0959029915474753	1	0.4794934820484343	Not Significant
ALX1_HUMAN.H11MO.0.B	153	3378	0.0452930728241563	3219	43280	0.07437615526802219	1	0.4829658362639234	Not Significant
ETS2_HUMAN.H11MO.0.B	2478	23890	0.10372540812055253	7897	70978	0.11125982698864437	1	0.4840089872252704	Not Significant
ZN335_HUMAN.H11MO.0.A	1069	7497	0.14259036948112574	6894	51157	0.1347616162011064	1	0.4926776615308908	Not Significant
HIC1_HUMAN.H11MO.0.C	329	2567	0.12816517335410985	5943	47110	0.1261515601783061	1	0.4937059486642875	Not Significant
SALL4_HUMAN.H11MO.0.B	3388	24379	0.13897206612248247	7564	56944	0.1328322562517561	1	0.4937855090874088	Not Significant
FOXJ2_HUMAN.H11MO.0.C	1426	25293	0.05637923536156249	4470	54838	0.08151281957766512	1	0.4953305765426604	Not Significant
SOX9_HUMAN.H11MO.0.B	392	4527	0.08659156174066711	6880	68629	0.10024916580454328	1	0.49772006382778355	Not Significant
COT2_HUMAN.H11MO.0.A	691	6632	0.10419179734620024	7226	64978	0.1112068700175444	1	0.4990061666277636	Not Significant
PIT1_HUMAN.H11MO.0.C	261	4918	0.05307035380235868	3976	49977	0.07955659603417573	1	0.49927882890218644	Not Significant
