tf	small_hits_exp	large_hits_exp	md_score_exp	small_hits_sim	large_hits_sim	md_score_sim	elliptic_outlier	pval	significance
ELK4_HUMAN.H11MO.0.A	2442	6317	0.3865759062846288	3013	21580	0.13962001853568118	-1	8.098067800294234e-73	Enriched
NRF1_HUMAN.H11MO.0.A	7002	15626	0.4480993216434148	2080	11309	0.18392430807321605	-1	1.0341279521105406e-71	Enriched
ELK1_HUMAN.H11MO.0.B	2380	7292	0.3263850795392211	3077	24607	0.1250457186979315	-1	1.1714389943600618e-51	Enriched
E2F5_HUMAN.H11MO.0.B	313	884	0.3540723981900453	1900	13123	0.14478396708069802	-1	2.222068626341582e-51	Enriched
KLF12_HUMAN.H11MO.0.C	22413	60718	0.3691327118811555	5330	33206	0.16051316027223994	-1	8.47127699447181e-48	Enriched
KAISO_HUMAN.H11MO.0.A	1267	3375	0.3754074074074074	1580	9219	0.1713851827747044	-1	1.5933231411145505e-43	Enriched
ETV1_HUMAN.H11MO.0.A	2686	8391	0.32010487427005124	3612	24456	0.14769381746810598	-1	1.8036737541624872e-34	Enriched
E2F2_HUMAN.H11MO.0.B	523	1555	0.3363344051446945	1849	11415	0.16197985107314936	-1	8.1808193228981e-33	Enriched
KLF9_HUMAN.H11MO.0.C	18979	58611	0.3238129361382676	5454	35286	0.1545655500765176	-1	4.443465764772496e-32	Enriched
E2F4_HUMAN.H11MO.0.A	11401	35665	0.31966914341791675	4398	28298	0.15541734398190685	-1	4.640456414197765e-30	Enriched
CREB1_HUMAN.H11MO.0.A	909	3646	0.24931431705979154	1369	12540	0.10917065390749603	-1	1.5233622455694489e-28	Enriched
GABPA_HUMAN.H11MO.0.A	3545	12155	0.2916495269436446	3459	24816	0.13938588007736946	-1	3.2505139756369375e-28	Enriched
CTCFL_HUMAN.H11MO.0.A	9157	29599	0.3093685597486401	5915	37324	0.15847711927981994	-1	6.914618892422168e-25	Enriched
NFYC_HUMAN.H11MO.0.A	3321	14297	0.2322864936700007	5717	54597	0.10471271315273734	-1	7.583450171058882e-25	Enriched
NFYB_HUMAN.H11MO.0.A	3429	14717	0.23299585513351906	5766	54264	0.10625829279080053	-1	2.3985128941136435e-24	Enriched
ATF1_HUMAN.H11MO.0.B	1155	4743	0.24351676154332705	1351	11419	0.11831158595323585	-1	3.5776512046367587e-22	Enriched
E2F1_HUMAN.H11MO.0.A	6752	23712	0.28475033738191635	4338	28993	0.14962232262960026	-1	4.647879064117469e-21	Enriched
TFEB_HUMAN.H11MO.0.C	1219	4963	0.2456175700181342	1176	9583	0.12271731190650108	-1	7.183369655662194e-21	Enriched
NFYA_HUMAN.H11MO.0.A	3209	14893	0.21547035520042973	5774	56144	0.10284269022513537	-1	2.3445149266639457e-20	Enriched
KLF1_HUMAN.H11MO.0.A	29392	104445	0.2814112690889942	6274	42109	0.14899427675793772	-1	2.5541826427114806e-20	Enriched
KLF4_HUMAN.H11MO.0.A	8506	32958	0.2580860489107349	5594	42033	0.13308590869079054	-1	3.740537224241051e-20	Enriched
MBD2_HUMAN.H11MO.0.B	3997	10875	0.3675402298850575	3207	15270	0.2100196463654224	-1	5.943346868048145e-20	Enriched
TFDP1_HUMAN.H11MO.0.C	7000	26338	0.2657756853215886	4707	33774	0.13936756084562088	-1	9.12765160438997e-20	Enriched
CTCF_HUMAN.H11MO.0.A	7568	27469	0.27551057555790165	5998	40836	0.14688020374179644	-1	1.8227741166417565e-19	Enriched
TYY1_HUMAN.H11MO.0.A	3137	14313	0.2191713826591211	4639	42750	0.10851461988304094	-1	4.732069257929725e-19	Enriched
ELF2_HUMAN.H11MO.0.C	3367	13552	0.2484504132231405	4044	31149	0.1298276028122893	-1	1.071589096634285e-18	Enriched
E2F7_HUMAN.H11MO.0.B	10350	40083	0.25821420552353863	5046	36564	0.13800459468329504	-1	3.828140377724751e-18	Enriched
THAP1_HUMAN.H11MO.0.C	19434	57787	0.3363040130133075	5737	29679	0.19330166110718014	-1	7.636650709036237e-18	Enriched
USF2_HUMAN.H11MO.0.A	2758	10482	0.2631177256248807	1957	13548	0.14444936521995866	-1	6.049526664814274e-17	Enriched
CREM_HUMAN.H11MO.0.C	1393	6490	0.21463790446841294	1984	17408	0.11397058823529413	-1	1.1855612725563009e-15	Enriched
KLF3_HUMAN.H11MO.0.B	46577	158377	0.2940894195495558	6531	38254	0.17072724420975585	-1	3.4489163452764432e-15	Enriched
JUN_HUMAN.H11MO.0.A	3196	15646	0.20426946184328265	4470	41173	0.1085662934447332	-1	5.646165117260805e-15	Enriched
RFX1_HUMAN.H11MO.0.B	5322	20066	0.2652247582976179	4888	32170	0.15194280385452286	-1	1.0950114148160523e-14	Enriched
USF1_HUMAN.H11MO.0.A	1872	8572	0.21838544097060195	1961	16442	0.11926772898674128	-1	1.1375972935373339e-14	Enriched
ATF3_HUMAN.H11MO.0.A	1386	6256	0.2215473145780051	1271	10447	0.12166172106824925	-1	1.326073904700241e-14	Enriched
TFE3_HUMAN.H11MO.0.B	1729	8453	0.2045427658819354	2014	18329	0.10988051721315947	-1	1.4377644726737534e-14	Enriched
FOSB_HUMAN.H11MO.0.A	2133	11124	0.191747572815534	3464	33602	0.10308910183917623	-1	8.250293973903859e-14	Enriched
TAF1_HUMAN.H11MO.0.A	22157	92808	0.23874019481079214	5500	40012	0.13745876237128862	-1	2.801426901987866e-13	Enriched
ELF1_HUMAN.H11MO.0.A	3403	15613	0.2179593928136809	4521	35837	0.12615453302452773	-1	3.2867004477795164e-12	Enriched
JUND_HUMAN.H11MO.0.A	3579	18252	0.19608809993425375	4485	40314	0.11125167435630302	-1	4.351468625732083e-12	Enriched
PAX5_HUMAN.H11MO.0.A	19642	318757	0.061620607547442086	4629	31973	0.14477840678072126	-1	5.668745852733485e-12	Depleted
SP4_HUMAN.H11MO.0.A	47609	184503	0.2580391646748291	7296	46806	0.15587745160876812	-1	1.1745392540600353e-11	Enriched
FOSL1_HUMAN.H11MO.0.A	3980	20240	0.1966403162055336	4760	42090	0.11309099548586365	-1	1.2685133388318918e-11	Enriched
SP3_HUMAN.H11MO.0.B	83630	279423	0.2992953335981648	6936	37530	0.18481215027977616	-1	1.276151369509586e-11	Enriched
FEV_HUMAN.H11MO.0.B	2703	11753	0.2299838339147452	4126	29692	0.13895998922268624	-1	7.971061985046421e-11	Enriched
FOSL2_HUMAN.H11MO.0.A	3615	19053	0.18973390017320108	4687	42262	0.11090341204864892	-1	8.319862818601816e-11	Enriched
AP2B_HUMAN.H11MO.0.B	5281	19945	0.26477813988468285	5814	35238	0.16499233781712924	-1	2.6199254114805156e-10	Enriched
JUNB_HUMAN.H11MO.0.A	3398	17242	0.19707690523141166	4978	42261	0.11779181751496652	-1	2.793298069776704e-10	Enriched
FOXI1_HUMAN.H11MO.0.B	2497	14487	0.17236142748671224	6060	60135	0.10077326016462958	-1	3.3025961118253686e-10	Enriched
SP1_HUMAN.H11MO.0.A	73631	233639	0.3151485839264849	6469	32062	0.2017653296737571	-1	7.590332260425927e-10	Enriched
MITF_HUMAN.H11MO.0.A	1831	9885	0.18523014668689936	2522	22354	0.11282097163818555	-1	2.477986828993037e-09	Enriched
ZFP42_HUMAN.H11MO.0.A	2634	15547	0.16942175339293755	5807	56209	0.10331085769182873	-1	6.545940380694317e-09	Enriched
HINFP_HUMAN.H11MO.0.C	241	1069	0.225444340505145	1033	7250	0.14248275862068965	-1	6.692970662341234e-09	Enriched
KLF6_HUMAN.H11MO.0.A	52060	220020	0.2366148531951641	7669	50528	0.1517772324255858	-1	1.677641393860225e-08	Enriched
THA11_HUMAN.H11MO.0.B	4439	24900	0.17827309236947791	5992	53920	0.11112759643916914	-1	1.7901385679698743e-08	Enriched
ZN143_HUMAN.H11MO.0.A	4847	27694	0.17501985989745072	6045	54900	0.11010928961748634	-1	3.7991911564751225e-08	Enriched
ZN770_HUMAN.H11MO.0.C	55103	692202	0.07960537530951947	8395	58308	0.14397681278726762	-1	4.142825885541221e-08	Depleted
E2F3_HUMAN.H11MO.0.A	3213	17476	0.18385214007782105	5417	46399	0.116748205780297	-1	5.0107179092584375e-08	Enriched
ZBT14_HUMAN.H11MO.0.C	2913	8553	0.3405822518414591	1671	7309	0.22862224654535504	-1	1.9728964254058626e-07	Enriched
ZN121_HUMAN.H11MO.0.C	24557	427498	0.0574435435955256	6187	49241	0.1256473264149794	-1	2.1336854380902686e-07	Depleted
KLF5_HUMAN.H11MO.0.A	21439	107925	0.19864720870975214	7155	54090	0.13227953410981694	-1	9.149608316179378e-07	Enriched
ZFX_HUMAN.H11MO.0.A	5214	23790	0.21916771752837327	5618	38310	0.14664578439049855	-1	9.301244875034333e-07	Enriched
EGR1_HUMAN.H11MO.0.A	22132	97399	0.22723025903756716	5684	37304	0.15236971906497962	-1	9.76349929493163e-07	Enriched
NFE2_HUMAN.H11MO.0.A	2782	15926	0.1746829084515886	5342	45692	0.11691324520703845	-1	1.8774007108632425e-06	Enriched
RFX2_HUMAN.H11MO.0.A	2149	12727	0.16885361829182055	4572	40289	0.1134801062324704	-1	2.6037703923511753e-06	Enriched
ATF6A_HUMAN.H11MO.0.B	898	4787	0.18759139335700856	1647	12753	0.12914608327452365	-1	9.299302847800842e-06	Enriched
ZNF76_HUMAN.H11MO.0.C	6249	36079	0.17320324842706286	6584	54983	0.11974610334103268	-1	1.2683276436403657e-05	Enriched
PATZ1_HUMAN.H11MO.0.C	97462	430825	0.2262217837869205	8435	53789	0.15681644945992676	-1	1.2880094347406983e-05	Enriched
ETS1_HUMAN.H11MO.0.A	5670	32733	0.1732196865548529	5989	49943	0.11991670504374988	-1	1.3672665001463266e-05	Enriched
THB_HUMAN.H11MO.0.C	5385	78393	0.06869235773602235	5858	46775	0.125237840726884	-1	1.4996514940526668e-05	Depleted
FOS_HUMAN.H11MO.0.A	2598	15543	0.16714919899633274	3273	28230	0.1159404888416578	-1	1.5481649294820373e-05	Enriched
SP2_HUMAN.H11MO.0.A	114934	349514	0.3288394742413752	6802	29630	0.2295646304421195	-1	2.1138776071861885e-05	Enriched
RXRB_HUMAN.H11MO.0.C	5980	96825	0.061760908856183835	5621	47069	0.11942042533302173	-1	2.3572181027528434e-05	Depleted
BACH2_HUMAN.H11MO.0.A	2854	17365	0.16435358479700546	5598	48535	0.11533944576079118	-1	2.887031374808485e-05	Enriched
NF2L2_HUMAN.H11MO.0.A	2564	16503	0.15536569108646914	5503	49901	0.1102783511352478	-1	4.975302096095718e-05	Enriched
WT1_HUMAN.H11MO.0.C	91163	413603	0.2204118442080933	8199	52607	0.15585378371699585	-1	5.280409084613313e-05	Enriched
THA_HUMAN.H11MO.0.C	7329	118486	0.061855409077865735	6330	53826	0.11760115929104893	-1	5.487129225607891e-05	Depleted
KLF15_HUMAN.H11MO.0.A	73621	360804	0.20404707264886202	8415	57765	0.14567644767592833	-1	9.080870676063437e-05	Enriched
ZN281_HUMAN.H11MO.0.A	33439	177659	0.18822012957407167	8602	63850	0.13472200469851214	-1	9.482794900322425e-05	Enriched
INSM1_HUMAN.H11MO.0.C	3270	19804	0.1651181579478893	7327	61452	0.11923126993425764	-1	0.00012453794943785112	Enriched
RFX3_HUMAN.H11MO.0.B	1533	11313	0.13550782285865814	4085	41370	0.09874305051970028	-1	0.00013517781215308	Enriched
SMAD3_HUMAN.H11MO.0.B	6704	75964	0.08825233005107683	7799	58455	0.13341886921563595	-1	0.00016671766999401592	Depleted
EGR2_HUMAN.H11MO.0.A	40623	215631	0.1883912795470039	7312	53386	0.13696474731202934	-1	0.00022776826900014528	Enriched
EHF_HUMAN.H11MO.0.B	3131	21263	0.14725109344871373	5797	53064	0.10924543946932007	-1	0.00034111272356374014	Enriched
RARA_HUMAN.H11MO.0.A	9727	134898	0.07210633219173004	7472	63380	0.11789207952035342	-1	0.000861785734114131	Depleted
E2F6_HUMAN.H11MO.0.A	12582	70224	0.17916951469583048	5763	42368	0.13602246978851965	-1	0.0017605175837413195	Enriched
NR2C2_HUMAN.H11MO.0.B	1699	10791	0.15744601983134093	4775	39102	0.12211651577924405	-1	0.0026967585262310505	Enriched
NR1H4_HUMAN.H11MO.0.B	4414	24067	0.18340466198529107	6163	43905	0.1403712561211707	-1	0.0028056722717667323	Enriched
BHE40_HUMAN.H11MO.0.A	891	8816	0.10106624319419236	1620	12028	0.13468573328899236	-1	0.0028287377930357777	Depleted
ZN554_HUMAN.H11MO.0.C	4004	45855	0.08731872205866317	6294	50478	0.12468798288363248	1	0.0032158844221346875	Depleted
NFKB2_HUMAN.H11MO.0.B	2690	18714	0.14374265255958107	7231	63781	0.113372320910616	1	0.0035297896007513373	Enriched
ETV2_HUMAN.H11MO.0.B	5658	39360	0.14375	6739	58844	0.11452314594521107	1	0.005060838696454209	Enriched
HXA1_HUMAN.H11MO.0.C	1275	23535	0.05417463352453792	4977	49843	0.09985354011596413	1	0.005457540848686686	Depleted
STAT3_HUMAN.H11MO.0.A	2570	19922	0.12900311213733562	6438	61518	0.1046522968887155	1	0.00577501855957475	Enriched
RELB_HUMAN.H11MO.0.C	1884	13797	0.1365514242226571	7259	65942	0.11008158684904916	1	0.006055052125025144	Enriched
BACH1_HUMAN.H11MO.0.A	3091	19401	0.15932168444925518	5468	43130	0.1267795038256434	-1	0.007666299931090753	Enriched
ETV4_HUMAN.H11MO.0.B	4563	32651	0.13975069676273313	6696	59177	0.11315206921608058	1	0.00776722994959329	Enriched
ATF2_HUMAN.H11MO.0.B	1713	12880	0.1329968944099379	3510	32262	0.10879672679933047	1	0.008634555614060437	Enriched
ZBT17_HUMAN.H11MO.0.A	48723	299496	0.16268330795736838	8715	67047	0.1299834444494161	-1	0.009823050709376436	Enriched
CEBPD_HUMAN.H11MO.0.C	1172	19210	0.06100989068193649	4646	45327	0.10249961391665012	1	0.010224446097592238	Depleted
ZNF8_HUMAN.H11MO.0.C	1053	20551	0.05123838256045935	3673	38454	0.09551672127737036	1	0.010688174266845776	Depleted
TF65_HUMAN.H11MO.0.A	2017	15921	0.126688022109164	6961	65859	0.10569550099454897	1	0.012499302430345154	Enriched
MTF1_HUMAN.H11MO.0.C	976	6094	0.16015753199868726	2745	21246	0.12920079073707993	1	0.012934655405118034	Enriched
ERG_HUMAN.H11MO.0.A	8081	54435	0.14845228253880774	7151	58764	0.12169015043223742	1	0.015503467414077076	Enriched
AHR_HUMAN.H11MO.0.B	137	1009	0.13577799801783946	1390	12312	0.11289798570500326	1	0.01576272474717136	Enriched
CEBPA_HUMAN.H11MO.0.A	1435	23449	0.061196639515544375	5434	53786	0.10103000780872344	1	0.015892731198088855	Depleted
ZEB1_HUMAN.H11MO.0.A	4342	45776	0.09485319818245368	5850	47058	0.12431467550682138	1	0.016883982127058994	Depleted
STAT1_HUMAN.H11MO.0.A	2607	21190	0.12302973100519113	6519	62440	0.10440422805893658	1	0.01758591098243306	Enriched
P73_HUMAN.H11MO.0.A	2170	25374	0.08552061164972019	6459	54909	0.11763098945528055	1	0.01763251167783153	Depleted
MXI1_HUMAN.H11MO.0.A	2666	13108	0.2033872444308819	2445	15222	0.16062278281434764	-1	0.017970837065940316	Enriched
ZN134_HUMAN.H11MO.0.C	1607	18204	0.08827730169193584	6497	54590	0.11901447151492947	1	0.020310507110661017	Depleted
ZN322_HUMAN.H11MO.0.B	4290	38079	0.11266052154730954	6029	44535	0.13537667003480408	1	0.02409692484035401	Depleted
TBX3_HUMAN.H11MO.0.C	4812	59008	0.08154826464208242	6495	57169	0.11361052318564255	1	0.024289423539166764	Depleted
ZN263_HUMAN.H11MO.0.A	44104	258127	0.1708616301278053	8159	58489	0.13949631554651298	-1	0.026978417662438234	Enriched
ZBT7A_HUMAN.H11MO.0.A	1690	10211	0.16550778572128094	4293	31504	0.13626841036058912	-1	0.030570557722943807	Enriched
CLOCK_HUMAN.H11MO.0.C	1836	19382	0.09472706635022184	3413	28013	0.12183629029379214	1	0.03091473282849077	Depleted
ZN140_HUMAN.H11MO.0.C	1793	26065	0.06878956455016305	5978	57761	0.10349543809837088	1	0.032601111309881546	Depleted
ZN490_HUMAN.H11MO.0.C	1781	23936	0.07440675133689839	6555	61098	0.1072866542276343	1	0.03364896849180905	Depleted
HIC1_HUMAN.H11MO.0.C	1416	9422	0.15028656336234344	5943	47110	0.1261515601783061	1	0.03458459763173594	Enriched
MYCN_HUMAN.H11MO.0.A	1779	10265	0.17330735509011205	2249	15763	0.1426758865698154	-1	0.03835892155400421	Enriched
HTF4_HUMAN.H11MO.0.A	4087	39806	0.10267296387479274	7164	56791	0.1261467486045324	1	0.04136823704684036	Depleted
ELF5_HUMAN.H11MO.0.A	6566	47808	0.13734103078982596	6645	56352	0.11791950596252128	1	0.041758179442668096	Enriched
P53_HUMAN.H11MO.0.A	1763	19105	0.0922795079822036	6129	51731	0.11847828188127042	1	0.045373846664562914	Depleted
ZN320_HUMAN.H11MO.0.C	7123	46290	0.15387772737092245	7812	60079	0.1300287954193645	1	0.04734737622101822	Enriched
ELF3_HUMAN.H11MO.0.A	3509	30299	0.1158124030496056	6201	59808	0.10368178170144464	1	0.0499852595622709	Enriched
ZNF18_HUMAN.H11MO.0.C	1335	15678	0.08515116724071949	4790	42367	0.11305969268534473	1	0.05002718210645097	Not Significant
ZN257_HUMAN.H11MO.0.C	2557	27286	0.09371106061716633	7213	60680	0.11886947923533288	1	0.05192889631207531	Not Significant
ZN317_HUMAN.H11MO.0.C	1216	16085	0.07559838358719304	6001	56524	0.10616729176986768	1	0.05248763169269917	Not Significant
SNAI2_HUMAN.H11MO.0.A	2802	27747	0.10098389015028653	6281	50796	0.12365146861957635	1	0.05540877883124404	Not Significant
ZFP28_HUMAN.H11MO.0.C	20788	333736	0.06228875518373805	7017	72831	0.09634633603822547	1	0.058753507680178	Not Significant
CEBPB_HUMAN.H11MO.0.A	1322	22084	0.059862343778301026	4433	46849	0.09462315097440714	1	0.05910652940309749	Not Significant
ZN768_HUMAN.H11MO.0.C	7204	69350	0.1038788752703677	7684	61319	0.12531189354033825	1	0.05986987288592163	Not Significant
ZN341_HUMAN.H11MO.0.C	52245	316060	0.16530089223565145	8882	63834	0.13914214995143653	1	0.06056123169937192	Not Significant
OZF_HUMAN.H11MO.0.C	2324	42301	0.054939599536653984	5104	56265	0.09071358748778104	1	0.0652607318164198	Not Significant
TAL1_HUMAN.H11MO.0.A	1275	10690	0.11927034611786715	4783	44515	0.10744692800179714	1	0.06669694654962875	Not Significant
HEN1_HUMAN.H11MO.0.C	4798	27981	0.17147349987491511	6352	43983	0.14441943478162014	-1	0.07395115318645926	Not Significant
VDR_HUMAN.H11MO.0.A	2513	18928	0.1327662721893491	6206	52868	0.11738669894832413	1	0.07406223321356124	Not Significant
ZN384_HUMAN.H11MO.0.C	1374	13221	0.10392557295212164	6163	63086	0.0976920394382272	1	0.08108514244542647	Not Significant
ZN382_HUMAN.H11MO.0.C	924	12231	0.0755457444199166	4372	42023	0.10403826475977443	1	0.08109930246696029	Not Significant
ZN449_HUMAN.H11MO.0.C	3579	27284	0.13117578067732005	7294	62448	0.11680117858057905	1	0.082256853777954	Not Significant
ZKSC1_HUMAN.H11MO.0.B	2280	26396	0.08637672374602212	4390	39403	0.11141283658604677	1	0.0842200387812404	Not Significant
ZN260_HUMAN.H11MO.0.C	1944	37276	0.05215151840326216	4507	51590	0.08736189183950377	1	0.08658595011846892	Not Significant
RFX5_HUMAN.H11MO.0.A	2157	15945	0.13527751646284106	5988	49906	0.11998557287700876	1	0.0875533152540145	Not Significant
NR6A1_HUMAN.H11MO.0.B	1741	23471	0.07417664351753228	6280	61159	0.10268317009761442	1	0.08768774667660129	Not Significant
FOXC1_HUMAN.H11MO.0.C	1931	22338	0.08644462351150506	4221	49128	0.08591841719589642	1	0.08834796735058237	Not Significant
NFIC_HUMAN.H11MO.0.A	5018	35125	0.14286120996441282	8466	67507	0.1254092168219592	1	0.08971085616485325	Not Significant
PO3F1_HUMAN.H11MO.0.C	1431	16037	0.08923115295878281	4935	56102	0.08796477843927132	1	0.09006669077731266	Not Significant
SOX3_HUMAN.H11MO.0.B	2560	22420	0.11418376449598573	6777	64228	0.1055147287787258	1	0.09214102788647932	Not Significant
ZN467_HUMAN.H11MO.0.C	103058	648797	0.15884475421433822	9258	67672	0.13680695117626196	1	0.09379117883088317	Not Significant
MAF_HUMAN.H11MO.0.A	2189	26949	0.08122750380348065	6435	60179	0.10693098921550707	1	0.0997924160880036	Not Significant
ERR3_HUMAN.H11MO.0.B	783	9322	0.08399485089036687	3908	35900	0.10885793871866296	1	0.09990979170470371	Not Significant
IRF3_HUMAN.H11MO.0.B	53501	742980	0.07200866779724892	7535	75014	0.10044791638894073	1	0.10059894494171523	Not Significant
LHX3_HUMAN.H11MO.0.C	2089	32290	0.06469495199752245	3491	48877	0.0714241872455347	1	0.10093153731434595	Not Significant
HXA9_HUMAN.H11MO.0.B	1333	16941	0.07868484741160499	3919	48149	0.08139317535151301	1	0.1046783716980193	Not Significant
HNF1B_HUMAN.H11MO.0.A	1515	20240	0.07485177865612648	3771	47867	0.07878078843462093	1	0.10594987906979025	Not Significant
MAZ_HUMAN.H11MO.0.A	118253	707731	0.16708749510760446	9285	64709	0.1434885410066606	-1	0.11139615691813098	Not Significant
MAFK_HUMAN.H11MO.0.A	1826	15855	0.1151687164932198	5855	54602	0.10723050437712904	1	0.11162874272237394	Not Significant
ZBT48_HUMAN.H11MO.0.C	1182	8973	0.13172851889000334	4773	40052	0.11917007889743332	1	0.11934603026290619	Not Significant
SMCA5_HUMAN.H11MO.0.C	1829	23256	0.07864637082903336	5502	53052	0.10370956797104727	1	0.12897664558189115	Not Significant
NOBOX_HUMAN.H11MO.0.C	472	5592	0.0844062947067239	3861	44555	0.08665694085961173	1	0.13135330808239887	Not Significant
REL_HUMAN.H11MO.0.B	2256	21354	0.105647653835347	7146	70354	0.10157204991898117	1	0.13309738476776328	Not Significant
ATF4_HUMAN.H11MO.0.A	1075	14483	0.07422495339363391	5064	50466	0.1003447865889906	1	0.13528415832601937	Not Significant
ZN563_HUMAN.H11MO.0.C	3756	24850	0.15114688128772635	7035	52670	0.13356749572811846	1	0.13799282713241556	Not Significant
CEBPE_HUMAN.H11MO.0.A	336	3693	0.090982940698619	3360	36659	0.09165552797403094	1	0.1407768290226214	Not Significant
MZF1_HUMAN.H11MO.0.B	4189	35997	0.11637080867850097	7488	68415	0.10944968208726157	1	0.14218131932153943	Not Significant
TFAP4_HUMAN.H11MO.0.A	2161	22218	0.09726348006121163	6762	58223	0.11613966988990605	1	0.14236058387983824	Not Significant
GATA1_HUMAN.H11MO.0.A	1407	13474	0.1044233338281134	4924	48697	0.10111505842249008	1	0.14246169842364803	Not Significant
HLF_HUMAN.H11MO.0.C	385	4658	0.08265349935594676	1830	21294	0.0859397013243167	1	0.1432485976299559	Not Significant
ESR2_HUMAN.H11MO.0.A	2733	19546	0.13982400491149086	5943	47207	0.12589234647403988	1	0.1435961417383868	Not Significant
TBP_HUMAN.H11MO.0.A	1104	14505	0.07611168562564632	3680	45202	0.08141232688819079	1	0.14428013820286234	Not Significant
MAFB_HUMAN.H11MO.0.B	1638	13101	0.12502862376917792	6111	52867	0.11559195717555375	1	0.14445386078744882	Not Significant
PBX3_HUMAN.H11MO.0.A	1707	13366	0.12771210534191232	5373	45732	0.11748884807137235	1	0.14499509494204038	Not Significant
ZN394_HUMAN.H11MO.0.C	12958	198294	0.06534741343661432	6854	73136	0.09371581710785386	1	0.1454578813121996	Not Significant
TFE2_HUMAN.H11MO.0.A	4213	36957	0.11399734826961062	7139	55945	0.12760747162391636	1	0.1477706511271562	Not Significant
BRAC_HUMAN.H11MO.0.A	1346	15976	0.0842513770655984	5757	53912	0.10678513132512242	1	0.14881737866710648	Not Significant
MEIS1_HUMAN.H11MO.0.A	1137	13432	0.08464860035735558	4325	49311	0.08770862485043905	1	0.15250177839654339	Not Significant
HXC9_HUMAN.H11MO.0.C	1698	21907	0.07750947185831013	4901	59205	0.08278017059369985	1	0.15398738782160232	Not Significant
SMAD2_HUMAN.H11MO.0.A	3392	32405	0.10467520444375868	6437	53293	0.12078509372713114	1	0.15554925934267821	Not Significant
ZFP82_HUMAN.H11MO.0.C	10755	161811	0.06646643306079315	6974	74126	0.09408304778350376	1	0.15580709336891074	Not Significant
HNF1A_HUMAN.H11MO.0.C	1856	26151	0.07097242935260603	4044	51648	0.0782992565055762	1	0.15617048778587794	Not Significant
VEZF1_HUMAN.H11MO.0.C	104604	671323	0.15581769133487158	9300	67576	0.137622824671481	1	0.1575102080420815	Not Significant
STAT4_HUMAN.H11MO.0.A	2472	23128	0.10688343133863716	6976	67426	0.10346157268709401	1	0.15811088329733924	Not Significant
NR2E3_HUMAN.H11MO.0.C	2398	34057	0.07041136917520628	6806	70353	0.09674072178869417	1	0.15832805386749754	Not Significant
GLI3_HUMAN.H11MO.0.B	1415	12020	0.11772046589018305	5443	49015	0.11104763847801694	1	0.15851125299788565	Not Significant
SALL4_HUMAN.H11MO.0.B	12721	85459	0.14885500649434233	7564	56944	0.1328322562517561	1	0.15940664733895582	Not Significant
OLIG2_HUMAN.H11MO.0.B	3757	38010	0.09884240989213364	7675	65851	0.11655100150339402	1	0.15965118125040367	Not Significant
NKX21_HUMAN.H11MO.0.A	998	10218	0.09767077706009004	6294	54407	0.1156836436487952	1	0.16092292999697577	Not Significant
ZSC22_HUMAN.H11MO.0.C	16621	107981	0.15392522758633465	6973	51030	0.13664511071918478	1	0.16653105602123164	Not Significant
NFIA_HUMAN.H11MO.0.C	1939	15791	0.12279146349186244	7279	63337	0.11492492539905586	1	0.16731350260850042	Not Significant
TCF7_HUMAN.H11MO.0.A	2112	26613	0.0793597114192312	6985	68053	0.10264058895272804	1	0.16756521975247296	Not Significant
STA5A_HUMAN.H11MO.0.A	2386	23528	0.1014110846650799	6603	65897	0.10020183012883743	1	0.1730704322824525	Not Significant
ZN329_HUMAN.H11MO.0.C	2225	17712	0.12562104787714545	6618	56487	0.11715970046205322	1	0.1743100072284181	Not Significant
NR5A2_HUMAN.H11MO.0.B	2922	30324	0.0963593193510091	7493	65584	0.1142504269333984	1	0.17478006111957006	Not Significant
MEIS2_HUMAN.H11MO.0.B	1338	15113	0.08853305101568186	6005	55239	0.10870942631112077	1	0.17681553851717485	Not Significant
Z324A_HUMAN.H11MO.0.C	4331	43992	0.0984497181305692	7398	63992	0.11560820102512814	1	0.17761559664981835	Not Significant
LEF1_HUMAN.H11MO.0.A	3805	48738	0.07807049940498174	7457	73575	0.10135236153584776	1	0.17815230526194314	Not Significant
ANDR_HUMAN.H11MO.0.A	8799	139638	0.06301293344218623	5736	63159	0.09081841067781314	1	0.17857065346679923	Not Significant
MAX_HUMAN.H11MO.0.A	1168	7462	0.15652640042883945	2083	14996	0.13890370765537474	1	0.17857489202592008	Not Significant
NR1H3_HUMAN.H11MO.0.B	2133	22915	0.0930831333187868	6450	57734	0.11171926421172966	1	0.18153188722703628	Not Significant
ZN331_HUMAN.H11MO.0.C	4407	31260	0.140978886756238	7574	59099	0.1281578368500313	1	0.18180965663314774	Not Significant
PBX1_HUMAN.H11MO.0.A	1770	17748	0.09972954699121027	6103	52465	0.11632516916039265	1	0.18258077402028194	Not Significant
ETV5_HUMAN.H11MO.0.C	11127	90713	0.12266158103028232	8058	69826	0.11540113997651305	1	0.18292405174056048	Not Significant
GCR_HUMAN.H11MO.0.A	1392	15432	0.09020217729393468	5410	49343	0.10964067851569624	1	0.1833976306141728	Not Significant
ZN274_HUMAN.H11MO.0.A	1840	22638	0.08127926495273434	6311	61045	0.10338275043001063	1	0.1840945157685145	Not Significant
ZIM3_HUMAN.H11MO.0.C	3275	42364	0.07730620338022849	6680	66412	0.10058423176534363	1	0.18474932366744146	Not Significant
ZN136_HUMAN.H11MO.0.C	1353	19273	0.07020183676646086	5520	57734	0.09561090518585236	1	0.18504422498784712	Not Significant
ZN816_HUMAN.H11MO.0.C	4531	37409	0.1211205859552514	7203	62962	0.11440233791810933	1	0.18513241016560977	Not Significant
NR1I2_HUMAN.H11MO.0.C	1526	18559	0.0822242577725093	6472	62262	0.10394783334939448	1	0.1868092652544222	Not Significant
NKX28_HUMAN.H11MO.0.C	349	4121	0.08468818247998057	3219	30466	0.10565876715026587	1	0.18710539631921352	Not Significant
AP2C_HUMAN.H11MO.0.A	5490	39271	0.13979781518168624	8230	64491	0.12761470592795893	1	0.18987024732099606	Not Significant
ZNF41_HUMAN.H11MO.0.C	2797	31659	0.08834770523389872	6856	63440	0.10807061790668347	1	0.19128640440836714	Not Significant
SUH_HUMAN.H11MO.0.A	2457	20023	0.12270888478250012	5468	47246	0.1157346653684968	1	0.19155446300038098	Not Significant
ARNT_HUMAN.H11MO.0.B	189	1658	0.11399276236429433	592	5386	0.10991459339027107	1	0.19948415144237835	Not Significant
EPAS1_HUMAN.H11MO.0.B	189	1658	0.11399276236429433	592	5386	0.10991459339027107	1	0.19948415144237835	Not Significant
ZN502_HUMAN.H11MO.0.C	1483	21531	0.06887743253912962	4935	52442	0.09410396247282712	1	0.2020926523805388	Not Significant
IRF7_HUMAN.H11MO.0.C	2734	28766	0.09504275881248696	5913	61091	0.09679003453863907	1	0.20289224265858474	Not Significant
MAFG_HUMAN.H11MO.0.A	1490	12999	0.11462420186168168	5691	51421	0.1106746270978783	1	0.2091425869191459	Not Significant
BATF3_HUMAN.H11MO.0.B	1546	20205	0.07651571393219501	5873	59224	0.0991658786978252	1	0.21043934875047143	Not Significant
TEAD1_HUMAN.H11MO.0.A	2385	27743	0.0859676314746062	6118	57870	0.10571971660618627	1	0.2119558247222174	Not Significant
SMCA1_HUMAN.H11MO.0.C	2604	32561	0.07997297380301588	7104	69991	0.1014987641268163	1	0.21298471939920116	Not Significant
ERR2_HUMAN.H11MO.0.A	1926	20673	0.09316499782324772	5740	51859	0.11068474131780404	1	0.21390863175736596	Not Significant
ZN214_HUMAN.H11MO.0.C	1539	20933	0.07352027898533416	6674	68895	0.09687205167283547	1	0.216696389564542	Not Significant
MYB_HUMAN.H11MO.0.A	1075	10993	0.09778950241062494	6175	54250	0.11382488479262673	1	0.21673401722187557	Not Significant
FOXP2_HUMAN.H11MO.0.C	862	9132	0.09439334209373633	3647	37670	0.0968144411998938	1	0.2176161491244753	Not Significant
OTX2_HUMAN.H11MO.0.A	913	9780	0.09335378323108384	5490	57128	0.09609998599635904	1	0.21798598652008833	Not Significant
ITF2_HUMAN.H11MO.0.C	5557	46343	0.11991023455538055	7701	59610	0.1291897332662305	1	0.2195125630076904	Not Significant
FOXP1_HUMAN.H11MO.0.A	1999	25678	0.0778487421138718	3952	46238	0.08547082486266706	1	0.22440615420409304	Not Significant
IRF8_HUMAN.H11MO.0.B	7116	86299	0.0824575024044311	7038	68446	0.10282558513280543	1	0.22589343082954855	Not Significant
GRHL2_HUMAN.H11MO.0.A	777	7374	0.10537021969080554	4883	46603	0.10477866231787653	1	0.22703259370009843	Not Significant
STAT2_HUMAN.H11MO.0.A	18648	274046	0.06804697021667895	6566	70830	0.09270083298037554	1	0.22775413672958333	Not Significant
ZN264_HUMAN.H11MO.0.C	1123	15451	0.07268137984596466	5639	58799	0.0959029915474753	1	0.22889613872613546	Not Significant
IRF1_HUMAN.H11MO.0.A	21852	327824	0.06665771877592855	6546	71443	0.09162549165068656	1	0.2311497962738548	Not Significant
GATA6_HUMAN.H11MO.0.A	1686	18522	0.09102688694525428	4865	51237	0.09495091437828132	1	0.2332697723646424	Not Significant
ZN582_HUMAN.H11MO.0.C	1152	14717	0.07827682272202215	5679	56974	0.09967704566995472	1	0.23328033128034537	Not Significant
NR1I3_HUMAN.H11MO.0.C	1443	16173	0.08922277870524949	6323	58921	0.107313182057331	1	0.2336239609337093	Not Significant
NFAC2_HUMAN.H11MO.0.B	1805	23152	0.07796302695231512	5639	65640	0.0859079829372334	1	0.2359997171013518	Not Significant
LYL1_HUMAN.H11MO.0.A	4463	41441	0.10769527762360948	7549	62845	0.1201209324528602	1	0.23680282501584793	Not Significant
FOXH1_HUMAN.H11MO.0.A	647	7607	0.08505324043644012	4576	43873	0.10430105076014863	1	0.23688757616589767	Not Significant
GFI1_HUMAN.H11MO.0.C	1691	19922	0.08488103604055817	5681	54561	0.10412199189897546	1	0.23882919548536846	Not Significant
PRGR_HUMAN.H11MO.0.A	1639	19285	0.08498833290121856	5794	55656	0.1041037803650999	1	0.2419254969445575	Not Significant
RUNX3_HUMAN.H11MO.0.A	1882	19093	0.09857015660189597	5495	54667	0.1005176797702453	1	0.24309595604877804	Not Significant
RORG_HUMAN.H11MO.0.C	1194	11610	0.10284237726098193	5340	51535	0.10361889977685068	1	0.2470158568571023	Not Significant
OSR2_HUMAN.H11MO.0.C	9134	62997	0.1449910313189517	7379	55415	0.1331588919967518	1	0.25025533572923325	Not Significant
HXB13_HUMAN.H11MO.0.A	1338	17663	0.07575157108079035	5137	60574	0.08480536203651731	1	0.250795078427972	Not Significant
ALX1_HUMAN.H11MO.0.B	1143	18794	0.060817282111312126	3219	43280	0.07437615526802219	1	0.25091793320505795	Not Significant
SMAD4_HUMAN.H11MO.0.B	2673	24124	0.11080252031172276	6058	49718	0.1218472183112756	1	0.2516970139790365	Not Significant
RUNX1_HUMAN.H11MO.0.A	2001	20781	0.09628988017900968	5414	54554	0.09924111889137367	1	0.25379897894775183	Not Significant
ZBT18_HUMAN.H11MO.0.C	2304	22313	0.10325819029265453	6345	54459	0.11650966782350025	1	0.2539923502381571	Not Significant
ZN667_HUMAN.H11MO.0.C	2606	24245	0.10748607960404206	7679	64302	0.11942085782712825	1	0.25544358350523266	Not Significant
SRBP2_HUMAN.H11MO.0.B	5723	42598	0.13434903047091412	5470	43452	0.1258860351652398	1	0.25577008318585753	Not Significant
ATOH1_HUMAN.H11MO.0.B	1657	16776	0.09877205531711968	5391	47582	0.11329914673616072	1	0.2566209439851599	Not Significant
BC11A_HUMAN.H11MO.0.A	11145	129631	0.08597480540919995	7622	73037	0.1043580650902967	1	0.2566608018601526	Not Significant
NFAC4_HUMAN.H11MO.0.C	2289	28508	0.08029325101725833	6264	70999	0.08822659474077099	1	0.25931888136127884	Not Significant
GFI1B_HUMAN.H11MO.0.A	1550	17996	0.08613025116692598	5593	53641	0.10426725825394756	1	0.2635706650423729	Not Significant
STF1_HUMAN.H11MO.0.B	3074	30557	0.1005988807801813	7377	64552	0.11427996034204982	1	0.266889379644763	Not Significant
NR2C1_HUMAN.H11MO.0.C	1723	15950	0.10802507836990596	5916	49520	0.11946688206785135	1	0.2669203972325476	Not Significant
GATA4_HUMAN.H11MO.0.A	1170	14875	0.07865546218487393	4760	48107	0.09894609932026524	1	0.26705065117791765	Not Significant
SPI1_HUMAN.H11MO.0.A	6482	60377	0.107358762442652	7322	68186	0.1073827471915056	1	0.267996483365183	Not Significant
ZN680_HUMAN.H11MO.0.C	2133	24724	0.08627244782397671	6702	64307	0.10421882532228216	1	0.26875193389528534	Not Significant
FOXA1_HUMAN.H11MO.0.A	1861	21855	0.08515213909860443	4728	51445	0.0919039751190592	1	0.26920707436602803	Not Significant
CEBPG_HUMAN.H11MO.0.B	853	10763	0.07925299637647495	4980	50247	0.0991103946504269	1	0.27601547056733433	Not Significant
HNF4G_HUMAN.H11MO.0.B	2104	19275	0.10915693904020753	7042	64667	0.10889634589512426	1	0.2771305698428683	Not Significant
HNF4A_HUMAN.H11MO.0.A	1945	18178	0.1069974694685884	6980	64889	0.10756830895837508	1	0.2836257666645471	Not Significant
NR1D1_HUMAN.H11MO.0.B	4017	39341	0.10210721639002568	7438	64840	0.1147131400370142	1	0.2891163006566187	Not Significant
NFAC1_HUMAN.H11MO.0.B	9509	130559	0.07283297206626889	7107	75456	0.09418734096692112	1	0.2918735174671988	Not Significant
FOXO3_HUMAN.H11MO.0.B	1217	13601	0.08947871480038233	4674	48892	0.09559846191605988	1	0.2934163541584437	Not Significant
MEF2B_HUMAN.H11MO.0.A	9337	160325	0.058237954155621385	5254	62676	0.0838279405194971	1	0.2979013519752144	Not Significant
NKX31_HUMAN.H11MO.0.C	1413	18813	0.07510763833519375	5661	59214	0.09560239132637552	1	0.2982864891352318	Not Significant
HXA13_HUMAN.H11MO.0.C	1027	14178	0.07243616871208915	4522	53934	0.08384321578225239	1	0.2989681170288543	Not Significant
HXB8_HUMAN.H11MO.0.C	1049	14449	0.07260017994324867	4614	54816	0.08417250437828372	1	0.30697744228347856	Not Significant
MEF2A_HUMAN.H11MO.0.A	3521	51983	0.06773368216532327	4928	60990	0.08080013116904411	1	0.30800151410222243	Not Significant
FOXQ1_HUMAN.H11MO.0.C	1572	21829	0.07201429291309726	4060	48437	0.08382022007969114	1	0.3091196747013007	Not Significant
PO3F2_HUMAN.H11MO.0.A	1651	23769	0.06946022129664689	5829	63807	0.09135361323992663	1	0.309627405917421	Not Significant
COE1_HUMAN.H11MO.0.A	3749	29392	0.12755171475231356	8219	67009	0.12265516572400725	1	0.3105333584911446	Not Significant
MEF2C_HUMAN.H11MO.0.A	3671	54630	0.06719751052535237	4877	60507	0.08060224436842019	1	0.3146714497467993	Not Significant
ETS2_HUMAN.H11MO.0.B	11105	99972	0.11108110270875846	7897	70978	0.11125982698864437	1	0.3147212153234735	Not Significant
SOX9_HUMAN.H11MO.0.B	1865	19616	0.09507544861337684	6880	68629	0.10024916580454328	1	0.3212200376326364	Not Significant
RUNX2_HUMAN.H11MO.0.A	3008	34223	0.08789410630277883	6205	59725	0.10389284219338636	1	0.32248296175898705	Not Significant
CDX2_HUMAN.H11MO.0.A	1792	26533	0.06753853691629291	5709	63735	0.08957401741586256	1	0.3262781651218131	Not Significant
GATA2_HUMAN.H11MO.0.A	1535	15771	0.09733054340244753	5200	50997	0.10196678235974664	1	0.32668131500849007	Not Significant
EVI1_HUMAN.H11MO.0.B	1368	20134	0.06794477004072713	4476	49874	0.08974616032401653	1	0.33058855556287847	Not Significant
ERR1_HUMAN.H11MO.0.A	2462	24982	0.09855095668881594	6232	56083	0.11112101706399444	1	0.3308232674811644	Not Significant
ZBTB6_HUMAN.H11MO.0.C	4141	30565	0.1354817601832161	6257	48593	0.12876340213611015	1	0.3322820901144348	Not Significant
FEZF1_HUMAN.H11MO.0.C	2642	31481	0.08392363647914615	7343	72856	0.10078785549577247	1	0.3352797006379562	Not Significant
PRDM6_HUMAN.H11MO.0.C	17622	248285	0.07097488772982663	7276	79313	0.09173779834327284	1	0.3354470774691303	Not Significant
FOXM1_HUMAN.H11MO.0.A	2416	30431	0.07939272452433374	6110	62659	0.09751192965096794	1	0.33960018046893714	Not Significant
OVOL1_HUMAN.H11MO.0.C	342	4050	0.08444444444444445	1582	16955	0.09330580949572398	1	0.33992419042909394	Not Significant
BCL6_HUMAN.H11MO.0.A	2312	23013	0.1004649545908834	7022	67194	0.10450337827782244	1	0.3401564834883735	Not Significant
BATF_HUMAN.H11MO.0.A	1481	16358	0.09053674043281576	5252	53788	0.09764259686175356	1	0.3430926955124636	Not Significant
PDX1_HUMAN.H11MO.0.A	773	10035	0.07703039362232188	4596	48011	0.09572806231905187	1	0.3448413757145812	Not Significant
BHA15_HUMAN.H11MO.0.B	4427	35617	0.1242945784316478	7247	56333	0.1286457316315481	1	0.3487932089690351	Not Significant
MYOG_HUMAN.H11MO.0.B	4489	32572	0.1378177575832003	7006	53510	0.13092879835544755	1	0.3532229063531117	Not Significant
ZN418_HUMAN.H11MO.0.C	3082	32590	0.0945688861613992	7171	66557	0.10774223597818412	1	0.3542486190506741	Not Significant
SPIB_HUMAN.H11MO.0.A	5279	50470	0.10459679017237963	7274	67486	0.10778531843641644	1	0.3557697061318565	Not Significant
NKX32_HUMAN.H11MO.0.C	934	13364	0.06988925471415744	4425	48938	0.09042053210184314	1	0.3574711078647259	Not Significant
HXB7_HUMAN.H11MO.0.C	1164	16607	0.07009092551333775	4612	55076	0.08373883361173651	1	0.358107568896577	Not Significant
ZN708_HUMAN.H11MO.0.C	1565	15746	0.09939032135145434	5349	48187	0.11100504285388177	1	0.35844391252142166	Not Significant
IRF2_HUMAN.H11MO.0.A	10186	140871	0.07230728822823718	6228	67644	0.0920702501330495	1	0.35904594903610954	Not Significant
NDF2_HUMAN.H11MO.0.B	1210	12856	0.09411947728686994	5140	47914	0.10727553533414033	1	0.36033666729319874	Not Significant
LHX2_HUMAN.H11MO.0.A	1211	17296	0.07001618871415356	4488	53588	0.08375009330447115	1	0.3606423473082104	Not Significant
ZN549_HUMAN.H11MO.0.C	1337	13921	0.09604195100926656	6493	59795	0.10858767455472866	1	0.3615712111674597	Not Significant
PPARG_HUMAN.H11MO.0.A	3502	31539	0.11103712863438917	7514	66774	0.11252882858597657	1	0.36554229226722534	Not Significant
RORA_HUMAN.H11MO.0.C	2015	20533	0.0981347099790581	6780	61686	0.10991148720941543	1	0.36711438183788475	Not Significant
CRX_HUMAN.H11MO.0.B	990	11619	0.08520526723470179	5282	55871	0.0945392063861395	1	0.3677957077201383	Not Significant
CUX1_HUMAN.H11MO.0.C	202	2034	0.09931170108161258	2194	21004	0.10445629403923062	1	0.37031793432232757	Not Significant
HNF6_HUMAN.H11MO.0.B	1206	19181	0.06287471977477713	4450	52234	0.0851935520925068	1	0.3705773493046428	Not Significant
PO2F1_HUMAN.H11MO.0.C	1857	28152	0.06596334185848253	5239	60025	0.08728029987505206	1	0.3734420037248175	Not Significant
SIX1_HUMAN.H11MO.0.A	1275	13817	0.09227762900774407	5118	51371	0.09962819489595297	1	0.3737833556998049	Not Significant
PO2F2_HUMAN.H11MO.0.A	1648	22553	0.07307231853855363	4517	52364	0.08626155373921014	1	0.37580151210165313	Not Significant
HXA10_HUMAN.H11MO.0.C	918	13779	0.06662312214239059	3383	41340	0.08183357522980164	1	0.3789390579524791	Not Significant
PEBB_HUMAN.H11MO.0.C	2042	20230	0.1009391992090954	5919	55938	0.10581357931996138	1	0.379240758224319	Not Significant
PAX6_HUMAN.H11MO.0.C	814	9106	0.08939160992752032	4814	46530	0.10346013324736728	1	0.38101885478989705	Not Significant
RXRG_HUMAN.H11MO.0.B	1332	13331	0.09991748555997301	5928	56345	0.1052089803886769	1	0.3836851043589484	Not Significant
BMAL1_HUMAN.H11MO.0.A	1497	11421	0.13107433674809565	1847	14539	0.12703762294518192	1	0.38625891921171984	Not Significant
TWST1_HUMAN.H11MO.0.A	1550	20943	0.07401040920593993	5232	56528	0.09255590150014152	1	0.38751551777669524	Not Significant
SOX4_HUMAN.H11MO.0.B	3317	33659	0.09854719391544607	7069	67732	0.1043672119529912	1	0.38840433181369316	Not Significant
IRF4_HUMAN.H11MO.0.A	4855	52710	0.09210775943843673	7021	66758	0.10517091584529197	1	0.3886393758537882	Not Significant
ZN350_HUMAN.H11MO.0.C	2548	31437	0.08105099087063015	6673	72404	0.09216341638583504	1	0.38917125673605296	Not Significant
TF7L2_HUMAN.H11MO.0.A	1389	14040	0.09893162393162393	6716	64091	0.10478850384609384	1	0.3946707008966216	Not Significant
COT2_HUMAN.H11MO.0.A	2694	26682	0.10096694400719586	7226	64978	0.1112068700175444	1	0.3949139209693868	Not Significant
SOX10_HUMAN.H11MO.0.B	1820	21747	0.08368970432703361	6992	70602	0.099034021699102	1	0.39916780496770987	Not Significant
STA5B_HUMAN.H11MO.0.A	2500	27353	0.09139765290827333	6963	69876	0.09964794779323373	1	0.39971796327523135	Not Significant
MAFF_HUMAN.H11MO.0.B	2080	20909	0.09947869338562343	6504	59114	0.11002469804107318	1	0.40078630987665576	Not Significant
DLX3_HUMAN.H11MO.0.C	583	7928	0.07353683148335015	3411	39106	0.08722446683373396	1	0.40193768402108326	Not Significant
DUX4_HUMAN.H11MO.0.A	917	12906	0.07105222377188905	4334	50657	0.08555579682965829	1	0.40470977341603415	Not Significant
NFAC3_HUMAN.H11MO.0.B	1681	21123	0.07958149884012687	5760	62911	0.09155791514997376	1	0.4065205607226441	Not Significant
NKX61_HUMAN.H11MO.0.B	2332	38824	0.0600659385946837	4731	60661	0.07799080133858657	1	0.40926174598873866	Not Significant
PRDM1_HUMAN.H11MO.0.A	4688	48171	0.09731996429386976	7085	68109	0.1040244314260964	1	0.4096209235383076	Not Significant
FOXJ2_HUMAN.H11MO.0.C	8825	149241	0.059132544006003714	4470	54838	0.08151281957766512	1	0.41433586166160813	Not Significant
SRF_HUMAN.H11MO.0.A	1372	17027	0.08057790567921537	5928	64123	0.09244732779189994	1	0.4145511486977214	Not Significant
FLI1_HUMAN.H11MO.0.A	23641	205154	0.11523538415044307	8335	69060	0.12069215175209964	1	0.41488043042808126	Not Significant
IRF9_HUMAN.H11MO.0.C	2006	27641	0.07257335118121631	4863	55936	0.08693864416475973	1	0.4180161179990847	Not Significant
TEAD4_HUMAN.H11MO.0.A	2204	24799	0.08887455139320134	6249	61148	0.10219467521423432	1	0.4183098307938572	Not Significant
HSF1_HUMAN.H11MO.0.A	2218	23349	0.09499336160006852	5929	57729	0.10270401358069603	1	0.42232381357934173	Not Significant
FOXJ3_HUMAN.H11MO.0.A	9967	161208	0.06182695647858667	5216	62713	0.08317254795656404	1	0.42362235182074004	Not Significant
MYC_HUMAN.H11MO.0.A	1217	9141	0.1331364183349743	3018	23323	0.12940016292929726	1	0.424419675047904	Not Significant
NDF1_HUMAN.H11MO.0.A	1397	13531	0.10324440174414308	5456	48678	0.1120834874070422	1	0.4245648253923433	Not Significant
SRBP1_HUMAN.H11MO.0.A	1699	15586	0.10900808417810856	4916	42355	0.11606658009680085	1	0.42637807454896676	Not Significant
PTF1A_HUMAN.H11MO.0.B	6364	47251	0.134684980212059	7817	59887	0.13052916325746824	1	0.42639587655885436	Not Significant
MEF2D_HUMAN.H11MO.0.A	8599	146730	0.058604239078579715	4318	53415	0.08083871571655903	1	0.42707620526812773	Not Significant
PPARA_HUMAN.H11MO.0.B	2474	24081	0.10273659731738716	7251	66995	0.10823195760877677	1	0.427290198141518	Not Significant
FOXO4_HUMAN.H11MO.0.C	1655	23465	0.07053057745578521	4002	46673	0.08574550596704733	1	0.42779651320509154	Not Significant
ISL1_HUMAN.H11MO.0.A	456	4994	0.09130957148578292	4010	39984	0.10029011604641856	1	0.42900339197993453	Not Significant
PRD14_HUMAN.H11MO.0.A	910	9759	0.0932472589404652	5051	48108	0.1049929325683878	1	0.4290362746647316	Not Significant
PIT1_HUMAN.H11MO.0.C	1719	27911	0.06158862097380961	3976	49977	0.07955659603417573	1	0.4302194332685713	Not Significant
ZN335_HUMAN.H11MO.0.A	4202	29911	0.14048343418809134	6894	51157	0.1347616162011064	1	0.4340221932308204	Not Significant
STAT6_HUMAN.H11MO.0.B	2254	22356	0.10082304526748972	7161	66882	0.10706916659190814	1	0.43459253894818994	Not Significant
AIRE_HUMAN.H11MO.0.C	1138	17034	0.06680756134789245	4961	59506	0.08336974422747286	1	0.43724954457553195	Not Significant
MYOD1_HUMAN.H11MO.0.A	4856	36353	0.13357907187852447	6954	53465	0.1300663985785093	1	0.4394096088493884	Not Significant
ZN436_HUMAN.H11MO.0.C	6072	47807	0.12701068881126196	8394	65443	0.1282642910624513	1	0.4422901075557484	Not Significant
HSF2_HUMAN.H11MO.0.A	1414	16143	0.08759214520225485	4819	47847	0.1007168683512028	1	0.442726687681707	Not Significant
PO5F1_HUMAN.H11MO.0.A	1833	25441	0.07204905467552376	5816	64753	0.08981823235989066	1	0.4444360050255574	Not Significant
SOX2_HUMAN.H11MO.0.A	4027	44604	0.090283382656264	7253	70797	0.10244784383519076	1	0.4490204854370945	Not Significant
ZN586_HUMAN.H11MO.0.C	4284	45588	0.0939720979205054	7384	70309	0.10502211665647357	1	0.44913019838520213	Not Significant
NANOG_HUMAN.H11MO.0.A	2203	30785	0.07156082507714796	6123	68533	0.08934381976566035	1	0.4500683780601189	Not Significant
ZIC3_HUMAN.H11MO.0.B	4249	31710	0.13399558498896247	7626	57365	0.13293820273686047	1	0.4509729373672961	Not Significant
TBX21_HUMAN.H11MO.0.A	2852	26233	0.10871802691266726	6044	52431	0.11527531422250195	1	0.4511611889876512	Not Significant
KLF8_HUMAN.H11MO.0.C	2114	17653	0.11975301648445025	5963	48495	0.12296113001340345	1	0.4521351309631604	Not Significant
ZIC1_HUMAN.H11MO.0.B	2285	18472	0.12370073624945865	4881	39498	0.12357587725960807	1	0.45674396250717453	Not Significant
TF7L1_HUMAN.H11MO.0.B	1662	17844	0.09314055144586417	6937	66544	0.10424681413801394	1	0.45735697033817335	Not Significant
FOXA3_HUMAN.H11MO.0.B	1494	19784	0.07551556813586736	4962	53981	0.0919212315444323	1	0.4579117642443904	Not Significant
ASCL1_HUMAN.H11MO.0.A	5967	45238	0.13190238295238516	7287	55510	0.13127364438839847	1	0.459538439386937	Not Significant
ESR1_HUMAN.H11MO.0.A	2250	19488	0.11545566502463055	5983	50737	0.11792183219346827	1	0.46122894197281683	Not Significant
AP2A_HUMAN.H11MO.0.A	3705	32662	0.11343457228583675	8109	68552	0.1182897654335395	1	0.4630419087536969	Not Significant
Z354A_HUMAN.H11MO.0.C	7936	133791	0.059316396469119737	5421	67374	0.0804613055481343	1	0.4639965730831541	Not Significant
PKNX1_HUMAN.H11MO.0.B	1734	15609	0.1110897559100519	5643	48386	0.11662464349191914	1	0.4641909023417903	Not Significant
RARG_HUMAN.H11MO.0.B	2578	22814	0.11300078898921714	5976	50698	0.1178744723657738	1	0.46780760477823036	Not Significant
FOXO1_HUMAN.H11MO.0.A	2596	28746	0.09030821679538023	6104	60725	0.10051873198847262	1	0.4682088612911694	Not Significant
DBP_HUMAN.H11MO.0.B	572	8253	0.06930813037683267	3170	36894	0.08592183010787663	1	0.4713264634992482	Not Significant
PBX2_HUMAN.H11MO.0.C	1173	16715	0.07017648818426563	5318	60524	0.08786597052408962	1	0.4717265843455934	Not Significant
ZN250_HUMAN.H11MO.0.C	1359	17144	0.07926971535230985	4349	46813	0.092901544442783	1	0.472207792080868	Not Significant
ZNF85_HUMAN.H11MO.0.C	2053	26373	0.07784476547984681	5783	62059	0.0931855170080085	1	0.47331528400444295	Not Significant
ZN528_HUMAN.H11MO.0.C	2576	24969	0.10316792823100644	7413	66869	0.11085854431799487	1	0.4740495406408758	Not Significant
FOXA2_HUMAN.H11MO.0.A	1544	19261	0.08016198535901563	4780	50471	0.09470785203384123	1	0.4774166634817521	Not Significant
ARI5B_HUMAN.H11MO.0.C	759	10358	0.07327669434253717	3820	42496	0.08989081325301204	1	0.4777187814365506	Not Significant
SIX2_HUMAN.H11MO.0.A	1436	15601	0.09204538170630087	5647	55358	0.10200874309042957	1	0.4799642581386719	Not Significant
REST_HUMAN.H11MO.0.A	2683	21144	0.1268917896329928	5909	46444	0.12722849022478686	1	0.4826915999802855	Not Significant
RXRA_HUMAN.H11MO.0.A	10556	84248	0.12529674294938753	8200	65428	0.12532860549000427	1	0.4838411095334263	Not Significant
COT1_HUMAN.H11MO.0.C	8069	60915	0.13246326848887793	8023	61549	0.13035142731807178	1	0.48454021217379467	Not Significant
GATA3_HUMAN.H11MO.0.A	2183	29318	0.07445937649225731	5242	58316	0.08988956718567802	1	0.4870353949774093	Not Significant
ZN547_HUMAN.H11MO.0.C	1073	9996	0.10734293717486997	5552	48932	0.11346358211395405	1	0.4873091961381213	Not Significant
FOXK1_HUMAN.H11MO.0.A	2920	39603	0.0737317879958589	5289	59161	0.08940011155998039	1	0.4878371518736959	Not Significant
NR4A2_HUMAN.H11MO.0.C	1061	10929	0.09708116021593924	5360	50451	0.10624169986719788	1	0.48957496255787786	Not Significant
NR4A1_HUMAN.H11MO.0.A	1061	10928	0.0970900439238653	5357	50454	0.1061759226225869	1	0.49264159253757395	Not Significant
SOX17_HUMAN.H11MO.0.C	1430	17255	0.08287452912199363	6003	62385	0.09622505409954316	1	0.4935010155048796	Not Significant
SRY_HUMAN.H11MO.0.B	8768	135315	0.06479695525255884	5489	65672	0.08358204409794129	1	0.4941124048164682	Not Significant
ZSC31_HUMAN.H11MO.0.C	3946	31485	0.1253295219946006	6744	53596	0.12583028584222702	1	0.49576122299310693	Not Significant
P63_HUMAN.H11MO.0.A	1780	14544	0.1223872387238724	6084	49164	0.12374908469611913	1	0.4968595670866419	Not Significant
